-0.1 11.3494432275462 3.37919880774265
-0.09 4.79781201890558 2.5671194153457
-0.08 2.22502639120986 1.5951218560104
-0.07 3.31776282493031 1.4493450410604
-0.06 15.1203303532575 4.06966919097092
-0.05 20.6769142519774 4.75607840052647
-0.04 20.371874693958 3.94808935243942
-0.03 87.4473247473368 5.83493847793125
-0.02 174.106272335686 8.10962580238225
-0.01 213.836330407501 9.64127755576107
0 231.110334655656 9.88137820860928
0.01 200.437569556195 8.60183708130002
0.02 131.049748110345 6.96132961214983
0.03 59.5416120359048 5.00961154773353
0.04 7.04384896463558 3.24765811833533
0.05 14.4439203632955 3.17231480805505
0.06 12.451233623176 3.17843413288549
0.07 2.04769083428269 2.32304357750373
0.08 2.6974668477452 1.9479353942008
0.09 3.50714589604461 1.99663010751246
0.1 4.84118448319777 2.55261969130319
0.11 15.2139762707824 3.05462818834165
0.12 10.4026114525841 2.48275572677735
0.13 10.7078685866799 2.84371931067004
0.14 15.0754317861196 3.85009569748509
0.15 18.3294604445856 3.70550599997911
0.16 22.2330644078199 3.25447900759813
0.17 22.5196611641928 3.31139171094395
0.18 18.6819948241167 3.55621466536437
0.19 11.2650246314356 2.87988000391694
0.2 2.95847303739598 1.56914310429451
0.21 20.9252908000427 3.80995940794689
0.22 19.9070348780263 4.37382730462817
0.23 17.8619751629745 3.9563692488377
0.24 14.9243183687341 2.50662730174391
0.25 9.26133208339863 2.47550134614122
0.26 17.0652974731866 3.94129495380053
0.27 16.7653758853976 4.35443308966173
0.28 10.132951705059 3.0624932165467
0.29 14.2702653444389 2.71149398697074
0.3 8.00847132698932 2.40266497097426
0.31 13.4374557037502 3.01412768679994
0.32 4.30589904676532 1.80584795996655
0.33 10.4272498573747 2.35214079321531
0.34 10.5710357384984 2.64894758937059
0.35 2.30728902961365 1.50042773112171
0.36 4.78962985257082 1.9042983280769
0.37 12.703835012636 2.90496152777928
0.38 21.2678664776698 3.85842843719127
0.39 24.6155329641851 3.96776971252645
0.4 12.7077208370317 2.33548894035366
0.41 6.32422454363584 2.02825056157859
0.42 4.63631776470218 3.11467545143411
0.43 20.0093224950558 3.49630868242909
0.44 15.2397113963908 2.4221821512225
0.45 3.68389920594225 1.86513283911755
0.46 4.36065746637994 2.41184425184852
0.47 4.84807591952331 2.17678198613543
0.48 5.74880854089525 2.10702275879095
0.49 6.83711045144797 2.29892387332378
0.5 7.63422476083325 2.39520480066313
0.51 6.30294257775005 1.79256286790867
0.52 14.5240778442118 3.14720343224497
0.53 13.2124964624165 3.01731510539662
0.54 6.02092526211988 1.84224053173423
0.55 5.2858607907506 1.7921597759764
0.56 14.8058275950005 3.52893486531519
0.57 13.9754441033018 3.14087850364528
0.58 10.2491793183168 2.65816645064838
0.59 10.977134649907 3.00554224687176
0.6 26.7904915790266 3.91010217951183
0.61 22.3946022144054 4.13819599453587
0.62 4.8184117999778 3.34408471077639
0.63 20.3672856403663 3.10435652239758
0.64 17.1027948708101 2.66816878959315
0.65 7.61799248143257 1.71368970716999
0.66 3.9411378658581 1.69809539232948
0.67 4.64948402755727 1.90848318315357
0.68 4.54637390854794 1.8870169911682
0.69 4.4432637895386 1.86555079918282
0.7 4.34015367052927 1.84408460719745
0.71 4.23704355151993 1.82261841521207
0.72 4.1339334325106 1.8011522232267
0.73 5.02791282385194 1.93992056969303
0.74 9.09041250597116 2.5878772900187
0.75 12.4990288270806 3.17897274420267
0.76 11.7309076382918 3.40686185714017
0.77 10.9627864495031 3.63475097007766
0.78 11.1215061490952 3.50509795770098
0.79 7.43450525340618 2.57290246719696
0.8 7.72667649260951 2.53564501470691
0.81 10.6744872683425 2.52660141461057
0.82 17.407298763764 3.53171818657385
0.83 8.65776839276538 2.89704713452397
0.84 3.53647663109805 2.22101297359183
0.85 6.46881887086899 2.45001067313172
0.86 3.13508834135911 2.03840085454744
0.87 2.98142795666725 2.18345164937323
0.88 7.94918488693466 3.19790212048004
0.89 3.6555949572818 2.3130188595591
0.9 2.18110863879624 3.29255630403889
0.91 8.48165789430895 2.97882893384152
0.92 2.56920915016657 2.70677666489709
0.93 4.09643235772609 2.07145560155954
0.94 10.6272747403928 2.27326720427779
0.95 43.4366179392112 3.81703393955684
0.96 50.792274345496 4.35373423108739
0.97 23.9596767125969 3.23245519799667
0.98 28.4453605612869 3.37144662949453
0.99 36.6552289745516 3.94124364699676
1 31.251459193027 3.79412933048074
1.01 27.7035187753385 3.82657568841895
1.02 37.2517157630123 4.35530585620584
1.03 59.2370405418346 4.80208602018546
1.04 70.2003324451885 5.09120571410938
1.05 57.6670311560687 4.80866579772916
1.06 54.2261822507876 5.22191946918755
1.07 67.7889905239016 5.61895498037335
1.08 85.9466502064167 5.77659161557279
1.09 101.54574412519 6.26399309038689
1.1 110.336454729359 6.49049759595704
1.11 96.7796284498736 6.46730443495399
1.12 83.0094671518644 5.98477953425094
1.13 91.6833182184827 5.80143704229233
1.14 104.151924908027 6.20422087491611
1.15 97.6831943968517 6.09019340174886
1.16 96.3198768410471 6.49197821646359
1.17 105.165365130723 6.75865262174823
1.18 74.5972430052067 5.59134250317097
1.19 98.9173046557285 6.23059548560709
1.2 135.329528209085 7.22043218526796
1.21 126.079873798295 7.48743138257985
1.22 110.496843406238 6.98075911802378
1.23 88.465643325209 6.21317536818613
1.24 98.1312524473312 6.3914532484544
1.25 101.639652435742 6.19004877357921
1.26 107.513850456796 6.84383373984775
1.27 120.45346610441 7.25249412636617
1.28 96.732134851786 6.07296719156216
1.29 89.9714748788273 5.9448944679429
1.3 99.1218032631664 6.28888060583516
1.31 93.3722226804311 6.51087040038306
1.32 120.160218046096 7.18398190612789
1.33 128.502060312812 6.96024374834577
1.34 96.1263166454752 6.11285145683464
1.35 76.8382908875736 5.7650333603786
1.36 86.0335035120345 6.68562108865909
1.37 81.7230185052206 6.61611531743805
1.38 81.1755494720019 5.92544575450098
1.39 108.658741203761 6.50115276704552
1.4 109.506252767484 6.54136741124127
1.41 118.246411189339 7.327844520515
1.42 116.9726187119 7.18682866514553
1.43 95.3169986498902 6.12389533220114
1.44 93.5907107121864 6.11631125961332
1.45 75.4107048908172 5.69176117894852
1.46 67.3789016502745 5.88218617977025
1.47 103.130765900887 6.86151892261597
1.48 102.261852390199 6.35245278532488
1.49 88.4151522841433 5.94922318312826
1.5 95.5786511474361 6.24861101848604
