-0.1 18.5455434888467 4.19064871165692
-0.09 19.5185480004268 3.83789937120378
-0.08 31.0339973670847 3.92713641889559
-0.07 30.1416043754331 3.8578361354738
-0.06 4.72841598967671 4.07139344538985
-0.05 7.32007895819719 4.12324674038703
-0.04 41.091360103349 4.6845862999457
-0.03 122.178919925711 6.78128343852409
-0.02 193.158521361719 8.5288423729409
-0.01 256.523836108433 10.5600448928214
0 295.626590814136 11.194734243626
0.01 255.485498802911 9.70633211091399
0.02 178.349470462368 8.09610222647453
0.03 117.320598634097 6.57159331983226
0.04 74.2655535468645 5.27492769515053
0.05 50.0134166561878 4.86097618657393
0.06 45.2021577261676 4.43695513903573
0.07 41.8439199831657 4.05632627049617
0.08 44.9484950269797 4.18112837578658
0.09 22.7279349995679 3.55210901172142
0.1 36.0770683024047 4.36993669476986
0.11 40.1900203323452 4.27859915282155
0.12 28.8989010202872 3.3621311864143
0.13 29.0670041661571 3.40829999005565
0.14 38.9868439219296 3.94724472605389
0.15 38.2799088704272 3.91608136853201
0.16 48.720626468015 4.38677294192565
0.17 62.6890520049358 4.66210988564543
0.18 67.2399824451805 4.79476106624833
0.19 79.8334107119668 5.25200792049798
0.2 96.0633582547405 5.99008626265104
0.21 100.023414909204 6.26955623137655
0.22 84.8240096556086 5.37196609818362
0.23 70.3593063613179 4.86915820761972
0.24 19.1319746649652 3.63838016262447
0.25 27.1143223959184 3.91092527736997
0.26 40.0618772507277 4.35846171628272
0.27 53.5712135987775 4.72801145340432
0.28 61.707421823801 4.69069223151223
0.29 46.7185750620228 3.97149599256448
0.3 56.8126511737011 4.52831324868427
0.31 61.1135389272179 4.6453295648412
0.32 49.6217794867083 3.91425487144466
0.33 53.438541809092 4.08005957849291
0.34 59.7033088445072 4.33422916789623
0.35 48.9753863365891 4.14337893473319
0.36 44.3608530065575 4.11878647915156
0.37 39.3434903476733 3.99148156684024
0.38 36.723964585369 3.853084924154
0.39 44.9532102914776 3.94967767674927
0.4 62.4628878276423 4.69468816272635
0.41 71.0032510938597 4.96726519345822
0.42 59.1953878508113 4.47128023955077
0.43 59.2790880173979 4.58240159170817
0.44 62.6577953608336 4.55898251061274
0.45 41.2521599624533 3.84780283745107
0.46 36.40894861901 3.7266654157147
0.47 45.5557847774833 3.97637588234428
0.48 42.1629330907332 3.79044386206004
0.49 45.8564015121822 3.85936724621062
0.5 49.4800172323668 4.3058960087485
0.51 36.2204492631267 3.75339306550217
0.52 39.2023725486609 3.48828315409261
0.53 48.0941888979696 3.80924432531125
0.54 49.0300294024148 3.90182950357632
0.55 49.1734559706707 4.1843313402023
0.56 61.5045234783802 4.58728520579411
0.57 70.5920085219128 4.70269842007054
0.58 65.8431558273564 4.47503235054931
0.59 64.4250325361483 4.43745139577823
0.6 66.6188610949978 4.85730043387685
0.61 67.977138729913 4.85518210084667
0.62 75.0491986413035 4.78734175712558
0.63 82.9426669817246 4.97561373288258
0.64 59.490442165356 4.26654834817353
0.65 37.7200130771812 3.93641245826372
0.66 39.1054340258392 3.93303324057487
0.67 20.9350359747236 2.89552351090346
0.68 11.5582413091349 3.305836892675
0.69 14.2550435725449 3.29411930065894
0.7 17.2804979652449 2.82597354929505
0.71 25.9323240923169 3.18413155402762
0.72 51.267297140358 3.93575973668542
0.73 60.7472779296705 4.24868051236775
0.74 55.5926888463523 4.18084889039637
0.75 41.7122873584231 3.96312213277916
0.76 54.4567785745883 4.30210669402141
0.77 61.4734520068262 4.42290562914252
0.78 66.0144060270152 4.52630194677035
0.79 75.2404857366255 4.8425705203364
0.8 75.5711451444865 5.22530606621942
0.81 70.2084354694427 4.8886847116604
0.82 71.7859048212281 4.60084714456978
0.83 66.6192232354373 4.42752097805058
0.84 63.715013321295 4.35181338403695
0.85 71.3733361144414 4.95069943287216
0.86 77.3257318848168 5.10893044347594
0.87 86.4560713634828 5.05086089681934
0.88 122.399041277594 5.98587095639638
0.89 156.337561806433 6.80060516388131
0.9 160.323515977495 6.83308818761991
0.91 180.957563312787 7.78545487230846
0.92 209.436505768908 8.399936289401
0.93 219.390942050937 8.00955227164654
0.94 248.79867224161 8.51841686159917
0.95 287.774113156834 9.15366823681237
0.96 328.601487333934 10.4511066054873
0.97 349.488470815405 10.8035094130465
0.98 342.391730138007 9.96748171202944
0.99 357.677456519992 10.1843624974288
1 382.319581416414 10.5433647881852
1.01 396.117008283311 11.468639376408
1.02 437.554636347634 12.0667697211995
1.03 471.567636955528 11.6951479783019
1.04 488.080542492929 11.9080846257004
1.05 521.252926270919 12.3030863208694
1.06 548.253966588407 13.4701198117919
1.07 550.561896565714 13.5504889543972
1.08 572.906180643234 12.8957511831459
1.09 609.515011280393 13.2989338413046
1.1 657.342239616494 13.8132264667885
1.11 681.397718937447 15.0336799652232
1.12 686.62849864292 15.1524422117251
1.13 705.573970294455 14.3211819568918
1.14 706.556006259909 14.328760023892
1.15 709.985840677052 14.363845617513
1.16 745.285665136654 15.762986895703
1.17 794.996707967205 16.2686638961759
1.18 822.178396817877 15.4745770677283
1.19 840.279876297662 15.6418372396609
1.2 857.421228446068 15.796885827926
1.21 851.857668472363 16.8280588497667
1.22 871.931770603751 17.0601320797628
1.23 908.168964626918 16.2647477824724
1.24 930.777475872275 16.4708734552297
1.25 942.611315597776 16.5800727455965
1.26 935.053000571845 17.6689329881953
1.27 959.296042407213 17.8916770553573
1.28 1021.00956752117 17.2598537021368
1.29 1039.39530519579 17.4192968042309
1.3 1036.27652349007 17.3935114469616
1.31 1049.60050360743 18.7463803860349
1.32 1067.99108357186 18.899494759297
1.33 1104.13301020926 17.9637901557615
1.34 1133.56325051556 18.2050926803084
1.35 1159.69784913136 18.4150680120985
1.36 1179.93014091757 19.9128485242711
1.37 1200.05535019324 20.0441825672417
1.38 1213.16791225929 18.8391288560636
1.39 1223.78714783549 18.9225429189459
1.4 1235.37160968126 19.0145909541309
1.41 1252.33766315461 20.5353148023489
1.42 1260.20707465225 20.560071575051
1.43 1228.89412002451 18.9810948120104
1.44 1204.95299019978 18.8014285041732
1.45 1194.41973402661 18.7253414141829
1.46 1199.41518129954 20.1433197663406
1.47 1205.15039113686 20.1186796423481
1.48 1186.62226967237 18.6799673302752
1.49 1172.28280955306 18.5725555500298
1.5 1162.53789292206 18.4984338967792
