-0.1 4.45508992041518 2.0385852485692
-0.09 11.8642304495056 2.84952254707601
-0.08 24.677719239229 3.98731934368246
-0.07 23.7036844975582 4.10690464507595
-0.06 22.5058720963401 3.72313588017882
-0.05 31.8920917949664 3.88808463789714
-0.04 49.7913115349592 4.69677518636039
-0.03 67.6038738754448 6.02870694016426
-0.02 159.674982495428 8.13920156040822
-0.01 238.48061831537 10.2750437506437
0 259.932086751943 10.4379737217953
0.01 236.481211436764 9.40519999851612
0.02 178.515329577624 8.12322444615169
0.03 117.80915774281 6.82248582303508
0.04 85.5697505885074 6.03794730686363
0.05 77.3026047772567 5.52824454834275
0.06 69.8928280396811 5.37567612454558
0.07 63.3070217963158 5.08904638725915
0.08 44.8913700010215 4.59449076494484
0.09 45.1429710578547 4.22837036436555
0.1 38.8385725123939 4.20580224033354
0.11 33.8032424708279 3.86818302239827
0.12 33.453472737888 3.59564877730494
0.13 28.9138648312471 3.39916373879718
0.14 31.3696594608494 3.47215602894288
0.15 38.2628378463644 3.91314505273763
0.16 47.7083648545433 4.18675270489033
0.17 84.1584294034332 5.27837991087864
0.18 109.756965630941 6.05264067480247
0.19 107.038298915563 5.92899424471875
0.2 87.0399415472453 5.70250212022256
0.21 89.3164161954235 5.84861823806188
0.22 91.0049928074698 5.44595349715625
0.23 72.1742219365484 4.95260640756427
0.24 67.078809212412 4.89099980159193
0.25 67.7983787372063 5.1984510564421
0.26 49.9702267264726 4.60075120110462
0.27 54.4722232557337 4.43868345409449
0.28 45.0236993363892 3.90943725855988
0.29 48.1589741588369 3.96801067369571
0.3 63.9991422358262 4.91048735171696
0.31 60.6271316337788 4.9296739669617
0.32 43.0557490861854 3.78311194874359
0.33 38.3835177108691 3.54027397101598
0.34 60.2794266515413 4.50778088220793
0.35 60.7138880843647 4.91895937644368
0.36 71.2416639322769 5.34751937621349
0.37 43.0434766061894 3.80926349739744
0.38 36.3215592021084 3.50512543107507
0.39 44.7940663877763 4.19527635294553
0.4 49.2691203900603 4.6629303551894
0.41 66.5223334751823 4.931658350164
0.42 89.6446301356425 5.3426259746021
0.43 98.2029875985344 5.6493298627749
0.44 79.8817128329978 5.09306711620218
0.45 70.7728226093416 5.11533133746033
0.46 66.5548957610435 4.97715054492938
0.47 66.9520163483313 4.68144935204646
0.48 66.0890231620423 4.61952053665918
0.49 56.9246848414642 4.26156699698507
0.5 53.1897723575914 4.42320602905847
0.51 45.6431262147305 4.16402598167277
0.52 39.2372975251831 3.65930349677909
0.53 45.8771313522123 3.90649597653721
0.54 61.4669948661894 4.47671193930938
0.55 75.8415840680033 5.40956751835673
0.56 55.9588164504225 4.65455976959135
0.57 40.4151750822208 3.72045386581337
0.58 43.0349811398489 3.85217054173801
0.59 70.9811274904573 4.78383983066634
0.6 82.3115641872724 5.77060739478659
0.61 68.4196588792576 5.19234716383456
0.62 63.1083996690035 4.56014700028556
0.63 65.8686200213531 4.5870479049815
0.64 69.6509129116135 4.6939388139102
0.65 62.4205521464881 4.76360136046932
0.66 46.3843839656838 4.75212240462014
0.67 32.59772809484 4.01779573454574
0.68 26.4051553385585 3.16143271083801
0.69 31.9881035423109 3.35522354208515
0.7 30.6378407302907 3.6650008466644
0.71 33.488823018931 3.70230042839631
0.72 59.1597674154093 4.41349594328891
0.73 65.3228495512039 4.66013966484694
0.74 60.4661655777502 4.47157961113978
0.75 44.4302886021742 4.4042487961474
0.76 57.5330546795602 4.90628079228428
0.77 60.4956930834682 4.68141546865106
0.78 66.7646704941997 4.79878133385605
0.79 74.8434806342702 5.06210275048421
0.8 87.0061793283127 5.76923143511317
0.81 89.8042900970152 5.71394295847899
0.82 80.9240714488055 5.22988682879812
0.83 93.9843463683164 5.5985236997625
0.84 98.7857960362487 5.6026931198538
0.85 106.722722310835 6.29531031193862
0.86 91.6269441520126 5.77321874446783
0.87 109.536307306718 5.85904671205346
0.88 154.794424842832 6.9825298526184
0.89 177.490447106247 7.56737511793255
0.9 207.501660149514 8.16860442341437
0.91 271.350687071461 9.90183549320868
0.92 299.629825631883 10.4791294194947
0.93 310.79324488096 9.912848456474
0.94 356.839322441399 10.6296286587885
0.95 418.457227295495 11.5081910102647
0.96 497.287136452672 13.4732387295294
0.97 581.237003244158 14.5076134306474
0.98 628.339638244535 14.1011819344463
0.99 649.724221864341 14.3405612504843
1 690.314213206435 14.7912238462961
1.01 763.46456193991 16.6740240704112
1.02 860.574220415318 17.6822515225516
1.03 976.68928152187 17.5890289694126
1.04 1065.0703520167 18.3921124379871
1.05 1107.75325864039 18.7620042181541
1.06 1149.2714095912 20.4192499245916
1.07 1217.02637734696 21.0617317027934
1.08 1279.46038416981 20.1671101384666
1.09 1318.6466987805 20.4755911969674
1.1 1349.64380302121 20.7202391235322
1.11 1374.19901443842 22.3691976581095
1.12 1403.42425185326 22.6646148959375
1.13 1395.08736365285 21.0789325474751
1.14 1363.16452468667 20.8387790320003
1.15 1350.03510373847 20.744091061606
1.16 1365.88718030215 22.3242047031716
1.17 1334.12382850675 22.1678757452637
1.18 1268.11580018232 20.1170522344562
1.19 1251.07838474351 19.9822601683587
1.2 1235.47319541724 19.8614037079289
1.21 1199.22367205427 20.935845656615
1.22 1175.79034640347 20.7966531806813
1.23 1143.09204420045 19.1319823486745
1.24 1101.04217274738 18.7855690384891
1.25 1054.96441566505 18.3959612356929
1.26 1018.34738964954 19.3369626120269
1.27 984.048272667464 19.0693389852297
1.28 983.601246381429 17.7898699724506
1.29 971.325030826341 17.6825724475361
1.3 941.072078829027 17.4112223864749
1.31 933.228497340602 18.5617871857196
1.32 895.189233949617 18.2264951441047
1.33 852.269769498996 16.5872115188823
1.34 853.854889061005 16.6060218838118
1.35 840.577730648333 16.4787090524581
1.36 807.183075397428 17.3032970707361
1.37 801.737168905859 17.2521604409097
1.38 787.659531522856 15.979649420632
1.39 785.511552106245 15.961252839263
1.4 779.626211689671 15.9011038007221
1.41 745.357795899879 16.649842452578
1.42 722.495389397058 16.3802930129926
1.43 731.57612265421 15.4222938036729
1.44 733.79625464589 15.4545614241673
1.45 724.437443225749 15.3623449641764
1.46 733.077764743993 16.5835764026798
1.47 743.604013185086 16.6625913306529
1.48 737.82809131055 15.52406940745
1.49 735.390505925513 15.5083993791497
1.5 715.67758758142 15.3168330705692
