-0.1 20.2877446826969 3.19135821946421
-0.09 24.2793123365705 3.23117445892142
-0.08 28.693626260674 3.80879373696685
-0.07 16.7030082941151 3.21724772193829
-0.06 14.3659437839815 3.23947526673554
-0.05 38.1259931816969 4.41584841689651
-0.04 54.4994652935225 4.91138223728082
-0.03 88.3716871332426 5.98127914624761
-0.02 189.25045019946 8.51171279047688
-0.01 299.563828923094 11.5613957982462
0 353.703251915247 12.1804144225151
0.01 350.597454403432 11.3819322619921
0.02 273.008515172493 10.1058081162474
0.03 167.106499678205 7.97038953350337
0.04 108.881490605106 6.36920850584599
0.05 82.2724315928257 5.92831010155709
0.06 56.2695201483587 5.05345520667724
0.07 31.5582222206003 3.51524866021374
0.08 22.767988282809 3.11850862748316
0.09 22.2594144834707 3.02462341619456
0.1 24.6387028805255 3.24883121415693
0.11 15.2129406667893 2.61010009238488
0.12 33.88001658111 3.33726535688628
0.13 35.6227093454041 3.47481656631459
0.14 17.3744778475556 2.64266086550526
0.15 23.2204294259653 3.15821548550602
0.16 35.6273810116373 3.67294170539935
0.17 45.9073450141722 4.03798485313274
0.18 51.2824316485545 4.46830223126262
0.19 59.6077809897911 4.71133055555824
0.2 86.2209669107633 5.75191324903917
0.21 94.8260710790022 6.06980623225258
0.22 66.9665635771382 4.86359192804917
0.23 53.8753444097768 4.32633313492162
0.24 49.1806040690766 4.04183133671202
0.25 38.1558659122205 3.77544702172875
0.26 42.2631012032411 3.88586975714991
0.27 38.8516848918483 3.49163062135636
0.28 28.2225263702083 3.17213509629358
0.29 29.0071605221824 3.20474743506784
0.3 32.2644693731678 3.49990137652347
0.31 42.1897691043179 4.00075544088214
0.32 45.7814806910534 3.81943668044715
0.33 36.110178258855 3.59655499136751
0.34 32.7494731952781 3.56304633605703
0.35 35.0332399360993 3.76948534085523
0.36 19.4533670363133 3.01424993430017
0.37 17.2463202539089 2.39110483921381
0.38 27.95067845901 3.03629255144179
0.39 41.8607235683787 3.68490699557939
0.4 46.0619691074937 4.1120045714939
0.41 30.5049753029054 3.4540190590543
0.42 31.6774394292022 3.16194630431012
0.43 37.2507665279581 3.41717896073121
0.44 37.0168797201265 3.42283440494495
0.45 36.0082144216318 3.62653269191978
0.46 32.6626896215507 3.4777173554261
0.47 23.7496249263902 2.72064679172394
0.48 12.4463128717262 2.02191823320168
0.49 10.6071458742216 2.18140287204114
0.5 14.1503748598642 2.85687721634763
0.51 30.066465035126 3.28526611626024
0.52 26.8580567338304 3.11808988505929
0.53 14.46492032448 2.47707982928897
0.54 16.5119377009174 2.38280572771048
0.55 27.0181171188541 3.10838152261467
0.56 27.937843538878 3.20370420232055
0.57 30.4652821403985 3.10776762979814
0.58 37.1868108933335 3.40621894479652
0.59 42.0822091519769 3.51992510527661
0.6 31.4496791095486 3.39160492925642
0.61 29.546929563165 3.36372905067954
0.62 48.7449499419322 3.81875814606148
0.63 44.3704222422293 3.6746781253753
0.64 30.8904735211767 3.17632069504252
0.65 25.8830805415187 3.02750232871201
0.66 26.6302647034666 2.9676566970542
0.67 26.1521782567088 2.77961162304836
0.68 22.1221302477385 2.83469211002049
0.69 12.5830149919226 2.61453082814797
0.7 11.0662811250783 2.54480925034714
0.71 30.9631976817002 3.19491040800411
0.72 34.2182757395588 3.21658874181705
0.73 39.4039022515857 3.39765520209833
0.74 44.8637854762107 3.58521559338924
0.75 43.5511181036935 3.79562272428377
0.76 31.7636775720371 3.29828757235738
0.77 29.2631746303502 2.90904871834578
0.78 46.7858470237444 3.62054775376703
0.79 54.537696439724 4.03647586353365
0.8 55.4749307852686 4.31160756200545
0.81 52.0918045937523 4.19554010528522
0.82 42.2682611331603 3.56384881751732
0.83 49.3081658240921 3.76986591969638
0.84 52.7408511424888 3.90968064067582
0.85 53.3104304313959 4.2009647654702
0.86 54.3879274488739 4.13844043719838
0.87 74.3686930142297 4.58333944680829
0.88 74.4912259296412 4.62815871625183
0.89 68.6297105252156 4.41524627281647
0.9 88.3166642268625 4.98301769646872
0.91 100.819294945552 5.72633915856772
0.92 103.915031094619 5.77934918606912
0.93 125.930505590967 5.93461720769771
0.94 145.863184572995 6.36743146683901
0.95 168.638251673994 6.85145948154028
0.96 185.964447981499 7.68639074746929
0.97 191.295506904758 7.79507246701403
0.98 201.532275287673 7.45664215492352
0.99 211.335734188678 7.64404557350336
1 203.554012362493 7.49461381590214
1.01 194.628802338797 7.84690565065898
1.02 217.746064101014 8.30297504061696
1.03 232.420064051307 7.99895098925766
1.04 246.706659387253 8.23845700651911
1.05 255.050355984879 8.38096184824453
1.06 270.301037079833 9.23271640855041
1.07 287.580311149051 9.56068581289182
1.08 302.065990722077 9.12509186381067
1.09 320.023372008638 9.39325511740622
1.1 330.938835795178 9.5461860744517
1.11 337.117891822195 10.3013565475905
1.12 343.807093929266 10.4190120585893
1.13 348.616584712863 9.79963851378093
1.14 356.252695637632 9.90750684024553
1.15 381.830545486858 10.2555160164183
1.16 400.171093406334 11.2188661021074
1.17 404.870093332413 11.3062375609708
1.18 424.800144886735 10.8169812033648
1.19 426.903659189985 10.8422845086931
1.2 428.746508670725 10.8675691525107
1.21 450.727472689179 11.9357754850534
1.22 465.546601445242 12.1302603011038
1.23 503.412520881785 11.7721879011447
1.24 530.346469785957 12.0919621747239
1.25 548.762508405845 12.2994859066205
1.26 558.893163936078 13.2715835933147
1.27 579.311198011638 13.4934085513823
1.28 613.416776938632 12.9977854961985
1.29 629.806176290866 13.1728429096717
1.3 655.646598296391 13.4430952607028
1.31 681.440518844463 14.6913778485506
1.32 709.289208902751 14.9580761714915
1.33 751.017686803371 14.3871583000306
1.34 799.241182981317 14.8459244101415
1.35 859.572922643826 15.4010651719359
1.36 905.771094572377 16.9547265293784
1.37 928.865707145907 17.1179126939977
1.38 975.200617258899 16.4006557451274
1.39 999.032116498848 16.6046451905842
1.4 996.994258647834 16.5890493723876
1.41 1006.11344815275 17.8620646060228
1.42 1034.98949765148 18.068014937279
1.43 1051.43384690669 17.0392989725357
1.44 1063.94012852682 17.1427435083331
1.45 1072.63476718967 17.2143104666917
1.46 1069.67933934478 18.4336738980999
1.47 1074.76875549152 18.4177817963057
1.48 1076.42333648791 17.2523513759737
1.49 1077.91186515191 17.264582540644
1.5 1093.90704854456 17.3934315235641
