-0.1 1.10261699321203
-0.0988988988988989 1.10888148320916
-0.0977977977977978 1.11520267538354
-0.0966966966966967 1.12158129227117
-0.0955955955955956 1.12801806846648
-0.0944944944944945 1.13451375087321
-0.0933933933933934 1.1410690989616
-0.0922922922922923 1.14768488503193
-0.0911911911911912 1.15436189448489
-0.0900900900900901 1.16110092609863
-0.088988988988989 1.16790279231292
-0.0878878878878879 1.17476831952057
-0.0867867867867868 1.18169834836638
-0.0856856856856857 1.18869373405363
-0.0845845845845846 1.19575534665864
-0.0834834834834835 1.20288407145352
-0.0823823823823824 1.21008080923712
-0.0812812812812813 1.21734647667499
-0.0801801801801802 1.22468200664796
-0.0790790790790791 1.23208834861014
-0.077977977977978 1.23956646895634
-0.0768768768768769 1.24711735139925
-0.0757757757757758 1.25474199735683
-0.0746746746746747 1.26244142635001
-0.0735735735735736 1.27021667641119
-0.0724724724724725 1.27806880450379
-0.0713713713713714 1.28599888695322
-0.0702702702702703 1.29400801988973
-0.0691691691691692 1.30209731970336
-0.0680680680680681 1.31026792351141
-0.066966966966967 1.31852098963902
-0.0658658658658659 1.32685769811305
-0.0647647647647648 1.33527925116974
-0.0636636636636637 1.34378687377679
-0.0625625625625626 1.35238181417006
-0.0614614614614615 1.36106534440558
-0.0603603603603604 1.36983876092726
-0.0592592592592593 1.37870338515088
-0.0581581581581582 1.38766056406492
-0.0570570570570571 1.39671167084866
-0.055955955955956 1.40585810550843
-0.0548548548548549 1.41510129553222
-0.0537537537537538 1.42444269656364
-0.0526526526526527 1.43388379309568
-0.0515515515515516 1.44342609918501
-0.0504504504504505 1.45307115918759
-0.0493493493493493 1.46282054851623
-0.0482482482482482 1.47267587442089
-0.0471471471471471 1.4826387767926
-0.046046046046046 1.49271092899174
-0.0449449449449449 1.50289403870156
-0.0438438438438438 1.51318984880787
-0.0427427427427427 1.52360013830585
-0.0416416416416416 1.53412672323483
-0.0405405405405405 1.54477145764226
-0.0394394394394394 1.55553623457774
-0.0383383383383383 1.56642298711825
-0.0372372372372372 1.57743368942587
-0.0361361361361361 1.58857035783894
-0.035035035035035 1.5998350519981
-0.0339339339339339 1.61122987600842
-0.0328328328328328 1.62275697963898
-0.0317317317317317 1.63441855956132
-0.0306306306306306 1.64621686062818
-0.0295295295295295 1.6581541771942
-0.0284284284284284 1.67023285447994
-0.0273273273273273 1.68245528998115
-0.0262262262262262 1.69482393492486
-0.0251251251251251 1.70734129577412
-0.024024024024024 1.72000993578338
-0.0229229229229229 1.7328324766064
-0.0218218218218218 1.74581159995876
-0.0207207207207207 1.75895004933729
-0.0196196196196196 1.77225063179839
-0.0185185185185185 1.78571621979788
-0.0174174174174174 1.79934975309471
-0.0163163163163163 1.81315424072112
-0.0152152152152152 1.82713276302205
-0.0141141141141141 1.84128847376645
-0.013013013013013 1.85562460233366
-0.0119119119119119 1.8701444559778
-0.0108108108108108 1.88485142217344
-0.0097097097097097 1.89974897104608
-0.00860860860860861 1.91484065789085
-0.0075075075075075 1.93013012578313
-0.00640640640640641 1.94562110828522
-0.00530530530530531 1.96131743225295
-0.0042042042042042 1.97722302074664
-0.00310310310310311 1.99334189605078
-0.002002002002002 2.00967818280742
-0.000900900900900906 2.02623611126799
0.000200200200200201 2.04302002066883
0.00130130130130131 2.060034362736
0.0024024024024024 2.07728370532502
0.00350350350350351 2.09477273620163
0.0046046046046046 2.11250626696983
0.00570570570570571 2.13048923715405
0.00680680680680681 2.14872671844229
0.00790790790790791 2.16722391909772
0.00900900900900901 2.18598618854646
0.0101101101101101 2.20501902214973
0.0112112112112112 2.22432806616901
0.0123123123123123 2.24391912293312
0.0134134134134134 2.26379815621714
0.0145145145145145 2.28397129684257
0.0156156156156156 2.30444484851015
0.0167167167167167 2.32522529387584
0.0178178178178178 2.34631930088213
0.0189189189189189 2.36773372935694
0.02002002002002 2.38947563789332
0.0211211211211211 2.41155229102384
0.0222222222222222 2.43397116670422
0.0233233233233233 2.4567399641217
0.0244244244244244 2.47986661184442
0.0255255255255255 2.50335927632934
0.0266266266266266 2.52722637080662
0.0277277277277277 2.55147656455989
0.0288288288288288 2.57611879262324
0.0299299299299299 2.60116226591581
0.031031031031031 2.62661648183768
0.0321321321321321 2.65249123535083
0.0332332332332332 2.67879663057114
0.0343343343343343 2.70554309289877
0.0354354354354355 2.73274138171545
0.0365365365365365 2.76040260368005
0.0376376376376376 2.78853822665431
0.0387387387387387 2.8171600942939
0.0398398398398399 2.84628044134116
0.0409409409409409 2.87591190965876
0.042042042042042 2.90606756504581
0.0431431431431432 2.93676091488046
0.0442442442442443 2.96800592663588
0.0453453453453453 2.99981704732007
0.0464464464464464 3.03220922389193
0.0475475475475476 3.06519792471111
0.0486486486486487 3.09879916208149
0.0497497497497497 3.13302951595297
0.0508508508508509 3.16790615885025
0.051951951951952 3.20344688210189
0.0530530530530531 3.23967012344778
0.0541541541541542 3.27659499610908
0.0552552552552553 3.31424131940942
0.0563563563563564 3.35262965104312
0.0574574574574575 3.39178132109273
0.0585585585585586 3.43171846790485
0.0596596596596597 3.47246407594159
0.0607607607607608 3.51404201573256
0.0618618618618619 3.5564770860624
0.062962962962963 3.59979505853701
0.0640640640640641 3.6440227246836
0.0651651651651652 3.68918794575
0.0662662662662663 3.73531970538138
0.0673673673673674 3.78244816536545
0.0684684684684685 3.83060472465183
0.0695695695695696 3.8798220818667
0.0706706706706707 3.93013430156029
0.0717717717717718 3.98157688444353
0.0728728728728729 4.03418684188977
0.073973973973974 4.08800277499852
0.0750750750750751 4.14306495854202
0.0761761761761762 4.19941543014046
0.0772772772772773 4.25709808503923
0.0783783783783784 4.31615877689144
0.0794794794794795 4.37664542498158
0.0805805805805806 4.43860812836189
0.0816816816816817 4.50209928741091
0.0827827827827828 4.56717373336687
0.0838838838838839 4.63388886643354
0.084984984984985 4.70230480310685
0.0860860860860861 4.77248453342535
0.0871871871871872 4.84449408890701
0.0882882882882883 4.91840272200053
0.0893893893893894 4.99428309795091
0.0904904904904905 5.07221150005693
0.0915915915915916 5.15226804938399
0.0926926926926927 5.23453694008981
0.0937937937937938 5.31910669162245
0.0948948948948949 5.4060704191637
0.095995995995996 5.49552612381353
0.0970970970970971 5.58757700414737
0.0981981981981982 5.68233179092575
0.0992992992992993 5.77990510689999
0.1004004004004 5.88041785383569
0.101501501501502 5.98399762907241
0.102602602602603 6.09077917415447
0.103703703703704 6.20090485830339
0.104804804804805 6.31452519976335
0.105905905905906 6.43179942833678
0.107007007007007 6.55289609273857
0.108108108108108 6.67799371674308
0.109209209209209 6.80728150847242
0.11031031031031 6.94096012758753
0.111411411411411 7.07924251559384
0.112512512512513 7.22235479496523
0.113613613613614 7.37053724332654
0.114714714714715 7.52404534951892
0.115815815815816 7.68315095900409
0.116916916916917 7.84814351675006
0.118018018018018 8.01933141647607
0.119119119119119 8.19704346592583
0.12022022022022 8.38163047867753
0.121321321321321 8.5734670038887
0.122422422422422 8.77295320629944
0.123523523523524 8.98051690977723
0.124624624624625 9.19661581865489
0.125725725725726 9.42173993206872
0.126826826826827 9.65641416742229
0.127927927927928 9.90120120991737
0.129029029029029 10.1567046057664
0.13013013013013 10.4235721171352
0.131231231231231 10.7024993569559
0.132332332332332 10.9942337213583
0.133433433433433 11.2995786364131
0.134534534534535 11.6193981339267
0.135635635635636 11.9546217678827
0.136736736736737 12.3062498784287
0.137837837837838 12.6753592035831
0.138938938938939 13.0631088295512
0.14004004004004 13.4707464579788
0.141141141141141 13.8996149518514
0.142242242242242 14.3511591000883
0.143343343343343 14.826932513079
0.144444444444444 15.3286045262336
0.145545545545546 15.8579669446849
0.146646646646647 16.4169404081774
0.147747747747748 17.0075800894872
0.148848848848849 17.6320803611621
0.14994994994995 18.2927779729945
0.151051051051051 18.9921531760432
0.152152152152152 19.7328281086401
0.153253253253253 20.5175616273775
0.154354354354354 21.3492396249031
0.155455455455455 22.2308597320236
0.156556556556557 23.1655091622832
0.157657657657658 24.1563343341721
0.158758758758759 25.206500814119
0.15985985985986 26.3191420807506
0.160960960960961 27.497295639123
0.162062062062062 28.7438251370481
0.163163163163163 30.0613273798789
0.164264264264264 31.4520235303701
0.165365365365365 32.9176343384819
0.166466466466466 34.4592399878506
0.167567567567568 36.0771260763963
0.168668668668669 37.7706183591627
0.16976976976977 39.5379101446911
0.170870870870871 41.3758876032162
0.171971971971972 43.2799596436857
0.173073073073073 45.2439003516529
0.174174174174174 47.2597131357974
0.175275275275275 49.3175265768315
0.176376376376376 51.4055323729982
0.177477477477477 53.5099756019419
0.178578578578579 55.6152066608612
0.17967967967968 57.7038026331832
0.180780780780781 59.7567634390286
0.181881881881882 61.7537850000472
0.182982982982983 63.6736078991743
0.184084084084084 65.4944358268107
0.185185185185185 67.194413726793
0.186286286286286 68.7521512892499
0.187387387387387 70.1472736126917
0.188488488488489 71.3609778045169
0.18958958958959 72.3765723062655
0.190690690690691 73.1799750528958
0.191791791791792 73.7601473483704
0.192892892892893 74.1094425952624
0.193993993993994 74.2238526641058
0.195095095095095 74.1031395189929
0.196196196196196 73.7508454144796
0.197297297297297 73.1741811512637
0.198398398398398 72.3837980871109
0.199499499499499 71.3934554041972
0.200600600600601 70.2195991310117
0.201701701701702 68.8808732760753
0.202802802802803 67.3975859236694
0.203903903903904 65.791154158526
0.205005005005005 64.0835512397776
0.206106106106106 62.2967776614783
0.207207207207207 60.4523748400254
0.208308308308308 58.570996448319
0.209409409409409 56.6720481996495
0.210510510510511 54.7734025028968
0.211611611611612 52.8911901720376
0.212712712712713 51.0396675366368
0.213813813813814 49.2311540617588
0.214914914914915 47.4760330697426
0.216016016016016 45.782806415405
0.217117117117117 44.158192988558
0.218218218218218 42.6072606382097
0.219319319319319 41.1335814278392
0.22042042042042 39.7394009136782
0.221521521521522 38.4258132523785
0.222622622622623 37.1929352588006
0.223723723723724 36.040073930362
0.224824824824825 34.965883332473
0.225925925925926 33.9685080241032
0.227027027027027 33.0457113409359
0.228128128128128 32.1949878152849
0.229229229229229 31.4136597851806
0.23033033033033 30.6989588330556
0.231431431431431 30.048093111426
0.232532532532533 29.4583018800995
0.233633633633634 28.9268987215796
0.234734734734735 28.4513049442179
0.235835835835836 28.0290746508987
0.236936936936937 27.6579128667163
0.238038038038038 27.3356880010944
0.239139139139139 27.0604397834046
0.24024024024024 26.8303836682114
0.241341341341341 26.643912565487
0.242442442442442 26.4995966184278
0.243543543543544 26.3961816305606
0.244644644644645 26.3325866366071
0.245745745745746 26.30790101868
0.246846846846847 26.3213814905478
0.247947947947948 26.3724492070234
0.249049049049049 26.4606872017531
0.25015015015015 26.5858383133729
0.251251251251251 26.7478037257165
0.252352352352352 26.9466422210335
0.253453453453453 27.1825702246969
0.254554554554555 27.4559627043977
0.255655655655656 27.7673549752181
0.256756756756757 28.1174454532183
0.257857857857858 28.50709939333
0.258958958958959 28.937353641502
0.26006006006006 29.4094224253193
0.261161161161161 29.9247042008176
0.262262262262262 30.4847895649287
0.263363363363363 31.0914702319026
0.264464464464464 31.746749056864
0.265565565565566 32.4528510690099
0.266666666666667 33.2122354491353
0.267767767767768 34.0276083492678
0.268868868868869 34.9019364039487
0.26996996996997 35.8384607205437
0.271071071071071 36.8407110570274
0.272172172172172 37.9125197968416
0.273273273273273 39.0580352083851
0.274374374374374 40.2817333282077
0.275475475475475 41.5884276291648
0.276576576576577 42.9832754253412
0.277677677677678 44.471779723616
0.278778778778779 46.059784958202
0.27987987987988 47.7534647432234
0.280980980980981 49.5592994569352
0.282082082082082 51.4840411421096
0.283183183183183 53.5346628888941
0.284284284284284 55.7182895848079
0.285385385385385 58.0421067048726
0.286486486486487 60.5132437147607
0.287587587587588 63.1386287205318
0.288688688688689 65.9248112752609
0.28978978978979 68.8777508042784
0.290890890890891 72.0025689944322
0.291991991991992 75.3032657591992
0.293093093093093 78.7824000767596
0.294194194194194 82.4407391149836
0.295295295295295 86.2768815860088
0.296396396396396 90.2868641523287
0.297497497497498 94.4637628259364
0.298598598598599 98.7973044985936
0.2996996996997 103.273506798147
0.300800800800801 107.874367119615
0.301901901901902 112.577623633392
0.303003003003003 117.356612015976
0.304104104104104 122.180241285076
0.305205205205205 127.013110201196
0.306306306306306 131.815782054322
0.307407407407407 136.545230234788
0.308508508508509 141.155459883287
0.30960960960961 145.598302379011
0.310710710710711 149.824369874258
0.311811811811812 153.784147086443
0.312912912912913 157.429187799156
0.314014014014014 160.713374755329
0.315115115115115 163.594194602029
0.316216216216216 166.033974953236
0.317317317317317 168.001029015922
0.318418418418418 169.470654911359
0.31951951951952 170.425941897776
0.320620620620621 170.85834396417
0.321721721721722 170.767992244795
0.322822822822823 170.163730685388
0.323923923923924 169.062873478918
0.325025025025025 167.49069698284
0.326126126126126 165.479692123284
0.327227227227227 163.068614759283
0.328328328328328 160.301380362603
0.329429429429429 157.22585513768
0.330530530530531 153.892598102928
0.331631631631632 150.353607700637
0.332732732732733 146.661122481419
0.333833833833834 142.86651882232
0.334934934934935 139.019340144597
0.336036036036036 135.166482441875
0.337137137137137 131.351550868372
0.338238238238238 127.614392371928
0.339339339339339 123.990800480845
0.34044044044044 120.512380815367
0.341541541541542 117.206559979012
0.342642642642643 114.096716313814
0.343743743743744 111.202408551078
0.344844844844845 108.539677508446
0.345945945945946 106.121396440407
0.347047047047047 103.957647156546
0.348148148148148 102.056101275968
0.349249249249249 100.422388695479
0.35035035035035 99.06043825648
0.351451451451452 97.9727784949399
0.352552552552553 97.1607891029186
0.353653653653654 96.6248962325681
0.354754754754755 96.3647070044369
0.355855855855856 96.3790805605561
0.356956956956957 96.6661347862005
0.358058058058058 97.2231894944238
0.359159159159159 98.0466485178887
0.36026026026026 99.1318248734494
0.361361361361361 100.472715030489
0.362462462462462 102.061730368712
0.363563563563564 103.889396159502
0.364664664664665 105.944030802778
0.365765765765766 108.211420500577
0.366866866866867 110.674506897136
0.367967967967968 113.313107261928
0.369069069069069 116.103688297556
0.37017017017017 119.019215359635
0.371271271271271 122.029098525083
0.372372372372372 125.099255315398
0.373473473473473 128.192306812462
0.374574574574575 131.267919329685
0.375675675675676 134.283297774081
0.376776776776777 137.193829545431
0.377877877877878 139.953869600085
0.378978978978979 142.517648625635
0.38008008008008 144.840277703027
0.381181181181181 146.878815015762
0.382282282282282 148.593353755934
0.383383383383383 149.948085978962
0.384484484484484 150.912295265979
0.385585585585586 151.461231987781
0.386686686686687 151.576828835979
0.387787787787788 151.24822096558
0.388888888888889 150.472044208931
0.38998998998999 149.252495789344
0.391091091091091 147.601154030969
0.392192192192192 145.536565877236
0.393293293293293 143.083622717325
0.394394394394394 140.272755261384
0.395495495495496 137.138986314847
0.396596596596597 133.720885786136
0.397697697697698 130.059474855122
0.398798798798799 126.197125909701
0.3998998998999 122.176501833129
0.401001001001001 118.039572900877
0.402102102102102 113.826742474327
0.403203203203203 109.576104496188
0.404304304304304 105.322847157314
0.405405405405405 101.098808636994
0.406506506506507 96.9321830529729
0.407607607607608 92.8473681065096
0.408708708708709 88.8649406455899
0.40980980980981 85.001742627392
0.410910910910911 81.2710577397054
0.412012012012012 77.6828581304693
0.413113113113113 74.244101102953
0.414214214214214 70.9590570174917
0.415315315315315 67.8296517325528
0.416416416416416 64.8558094544804
0.417517517517518 62.0357846060825
0.418618618618619 59.3664740654548
0.41971971971972 56.843703708861
0.420820820820821 54.462485502359
0.421921921921922 52.217243357575
0.423023023023023 50.1020075674727
0.424124124124124 48.110578869371
0.425225225225225 46.2366640691334
0.426326326326326 44.4739857420461
0.427427427427427 42.8163688505649
0.428528528528529 41.2578072376088
0.42962962962963 39.7925129157349
0.430730730730731 38.4149509220375
0.431831831831832 37.1198622846254
0.432932932932933 35.902277380587
0.434034034034034 34.7575216822192
0.435135135135135 33.6812156062335
0.436236236236236 32.6692699123773
0.437337337337337 31.7178778515306
0.438438438438439 30.8235050432753
0.43953953953954 29.9828778708828
0.440640640640641 29.1929710173696
0.441741741741742 28.4509946281743
0.442842842842843 27.7543814717545
0.443943943943944 27.1007743762812
0.445045045045045 26.4880141457753
0.446146146146146 25.9141280997116
0.447247247247247 25.3773193337575
0.448348348348348 24.8759567636064
0.44944944944945 24.408565986756
0.450550550550551 23.9738209768504
0.451651651651652 23.5705366103265
0.452752752752753 23.1976620143414
0.453853853853854 22.8542747172213
0.454954954954955 22.5395755770656
0.456056056056056 22.252884459888
0.457157157157157 21.9936366350648
0.458258258258258 21.7613798522893
0.459359359359359 21.5557720600877
0.460460460460461 21.3765797206386
0.461561561561562 21.2236766685835
0.462662662662663 21.0970434520423
0.463763763763764 20.9967670815244
0.464864864864865 20.9230410960832
0.465965965965966 20.8761658351784
0.467067067067067 20.8565487784732
0.468168168168168 20.8647047834527
0.469269269269269 20.9012560116083
0.47037037037037 20.9669312874923
0.471471471471472 21.0625645809565
0.472572572572573 21.1890922415902
0.473673673673674 21.3475485466196
0.474774774774775 21.5390590510607
0.475875875875876 21.7648311545955
0.476976976976977 22.0261412276951
0.478078078078078 22.3243175758185
0.479179179179179 22.6607184727034
0.48028028028028 23.0367044713585
0.481381381381381 23.4536042155992
0.482482482482483 23.9126730385099
0.483583583583584 24.4150437604615
0.484684684684685 24.9616693014544
0.485785785785786 25.5532570121682
0.486886886886887 26.1901950134507
0.487987987987988 26.8724713180595
0.489089089089089 27.5995870867776
0.49019019019019 28.3704660296462
0.491291291291291 29.1833626768245
0.492392392392392 30.035772975193
0.493493493493494 30.9243513667875
0.494594594594595 31.8448391132846
0.495695695695696 32.7920090791036
0.496796796796797 33.7596324032518
0.497897897897898 34.7404724090229
0.498998998998999 35.7263106638935
0.5001001001001 36.7080092709535
0.501201201201201 37.6756122358282
0.502302302302302 38.6184871299898
0.503403403403404 39.5255063202014
0.504504504504505 40.3852648498507
0.505605605605606 41.1863297707756
0.506706706706707 41.9175134905185
0.507807807807808 42.5681616918021
0.508908908908909 43.1284447711368
0.51001001001001 43.5896406886866
0.511111111111111 43.9443967461593
0.512212212212212 44.186958190518
0.513313313313313 44.3133526975343
0.514414414414414 44.3215216755844
0.515515515515516 44.2113918387857
0.516616616616617 43.9848834663835
0.517717717717718 43.6458549873955
0.518818818818819 43.1999867776257
0.51991991991992 42.654610099644
0.521021021021021 42.018489743288
0.522122122122122 41.3015709607519
0.523223223223223 40.5147026150775
0.524324324324324 39.6693490143491
0.525425425425425 38.7773026906293
0.526526526526527 37.8504094672015
0.527627627627628 36.9003156545989
0.528728728728729 35.938245275837
0.52982982982983 34.9748130145418
0.530930930930931 34.0198762793843
0.532032032032032 33.0824275451794
0.533133133133133 32.1705261011623
0.534234234234234 31.2912666132007
0.535335335335335 30.4507805545561
0.536436436436436 29.6542656075163
0.537537537537538 28.9060375800925
0.538638638638639 28.2095991846202
0.53973973973974 27.5677201349212
0.540840840840841 26.9825233701895
0.541941941941942 26.4555727372373
0.543043043043043 25.9879580911186
0.544144144144144 25.5803744481449
0.545245245245245 25.2331924970767
0.546346346346346 24.9465184092053
0.547447447447448 24.7202414652253
0.548548548548549 24.554068528089
0.54964964964965 24.4475448393209
0.550750750750751 24.400061012979
0.551851851851852 24.4108464637178
0.552952952952953 24.4789498531043
0.554054054054054 24.6032074909633
0.555155155155155 24.7822010023849
0.556256256256256 25.0142059765016
0.557357357357357 25.2971337524716
0.558458458458459 25.6284689636605
0.55955955955956 26.0052059342816
0.560660660660661 26.423787474316
0.561761761761762 26.8800500090937
0.562862862862863 27.3691792625982
0.563963963963964 27.8856808374832
0.565065065065065 28.4233699498749
0.566166166166166 28.9753842396069
0.567267267267267 29.5342229555462
0.568368368368368 30.0918148986763
0.56946946946947 30.6396163038212
0.570570570570571 31.1687383927002
0.571671671671672 31.6701027028484
0.572772772772773 32.1346205815251
0.573873873873874 32.5533915447794
0.574974974974975 32.9179136659655
0.576076076076076 33.2202979040135
0.577177177177177 33.4534774283879
0.578278278278278 33.6114026411217
0.579379379379379 33.6892127989773
0.580480480480481 33.683375920615
0.581581581581582 33.5917899973987
0.582682682682683 33.4138403377927
0.583783783783784 33.1504100475347
0.584884884884885 32.8038430317347
0.585985985985986 32.3778613320544
0.587087087087087 31.8774409096177
0.588188188188188 31.3086519915988
0.589289289289289 30.6784716823718
0.59039039039039 29.9945776024849
0.591491491491492 29.2651318097712
0.592592592592593 28.4985641736313
0.593693693693694 27.7033637583365
0.594794794794795 26.8878857050864
0.595895895895896 26.0601796949444
0.596996996996997 25.2278444514874
0.598098098098098 24.3979110327581
0.599199199199199 23.5767559888668
0.6003003003003 22.7700439291172
0.601401401401402 21.9826977316687
0.602502502502503 21.2188935928691
0.603603603603604 20.4820773780413
0.604704704704705 19.774998300593
0.605805805805806 19.0997558003645
0.606906906906907 18.4578555778598
0.608008008008008 17.8502710212094
0.609109109109109 17.2775066860096
0.61021021021021 16.7396610040047
0.611311311311311 16.2364859589064
0.612412412412413 15.7674420376719
0.613513513513514 15.3317473128697
0.614614614614615 14.9284200145753
0.615715715715716 14.5563143946963
0.616816816816817 14.2141500654307
0.617917917917918 13.9005353044744
0.619019019019019 13.6139850636302
0.62012012012012 13.3529345975088
0.621221221221221 13.1157497485259
0.622322322322322 12.9007349866828
0.623423423423423 12.7061403104673
0.624524524524525 12.5301680709293
0.625625625625626 12.3709806868673
0.626726726726727 12.2267100779563
0.627827827827828 12.0954694587799
0.628928928928929 11.975367916335
0.63003003003003 11.8645279454472
0.631131131131131 11.7611058521921
0.632232232232232 11.6633146689245
0.633333333333333 11.5694489718464
0.634434434434434 11.4779107700323
0.635535535535536 11.3872354598418
0.636636636636637 11.2961167250419
0.637737737737738 11.20342922154
0.638838838838839 11.1082479223569
0.63993993993994 11.0098631134824
0.641041041041041 10.9077902184944
0.642142142142142 10.80177387723
0.643243243243243 10.6917859941864
0.644344344344344 10.5780177848103
0.645445445445445 10.4608661596522
0.646546546546547 10.3409150749604
0.647647647647648 10.218912723342
0.648748748748749 10.0957456233412
0.64984984984985 9.97241078124952
0.650950950950951 9.84998713735635
0.652052052052052 9.72960747361147
0.653153153153153 9.61243185741221
0.654254254254254 9.4996235387361
0.655355355355355 9.39232802010176
0.656456456456457 9.29165579744678
0.657557557557558 9.19866904151725
0.658658658658659 9.11437226885464
0.65975975975976 9.03970685141793
0.660860860860861 8.97554904342233
0.661961961961962 8.92271106857975
0.663063063063063 8.88194471248304
0.664164164164164 8.85394680212636
0.665265265265265 8.83936592374866
0.666366366366366 8.83880972590846
0.667467467467468 8.85285217070643
0.668568568568569 8.88204012614116
0.66966966966967 8.92689873119396
0.670770770770771 8.98793500816514
0.671871871871872 9.06563924146455
0.672972972972973 9.1604836878259
0.674074074074074 9.27291823100915
0.675175175175175 9.40336264750314
0.676276276276276 9.55219521304004
0.677377377377377 9.71973745840886
0.678478478478479 9.90623498305138
0.67957957957958 10.1118343618719
0.680680680680681 10.3365563390755
0.681781781781782 10.5802656950679
0.682882882882883 10.8426383979062
0.683983983983984 11.1231269050017
0.685085085085085 11.4209247547029
0.686186186186186 11.73493186702
0.687287287287287 12.0637222391472
0.688388388388388 12.405515951322
0.68948948948949 12.7581575655067
0.690590590590591 13.1191030757279
0.691691691691692 13.4854175282393
0.692792792792793 13.8537852497432
0.693893893893894 14.2205342878328
0.694994994994995 14.5816761751066
0.696096096096096 14.9329614854646
0.697197197197197 15.2699508808141
0.698298298298298 15.5881004864421
0.699399399399399 15.8828595347392
0.700500500500501 16.1497773413568
0.701601601601602 16.3846158927302
0.702702702702703 16.5834636967954
0.703803803803804 16.74284614088
0.704904904904905 16.8598274604402
0.706006006006006 16.9320995791851
0.707107107107107 16.9580535418608
0.708208208208208 16.9368300072843
0.709309309309309 16.8683462581903
0.710410410410411 16.7532983516234
0.711511511511512 16.5931382983145
0.712612612612613 16.3900274321234
0.713713713713714 16.1467683208523
0.714814814814815 15.8667185947905
0.715915915915916 15.5536908615015
0.717017017017017 15.2118433876819
0.718118118118118 14.8455664387196
0.719219219219219 14.4593690763234
0.72032032032032 14.0577708501733
0.721421421421422 13.6452022263939
0.722522522522523 13.2259168331873
0.723623623623624 12.8039177391633
0.724724724724725 12.3828990807008
0.725825825825826 11.9662034840321
0.726926926926927 11.5567949388423
0.728028028028028 11.1572461131285
0.729129129129129 10.7697385793497
0.73023023023023 10.3960740603642
0.731331331331331 10.0376945978747
0.732432432432433 9.69570948280775
0.733533533533534 9.37092684503613
0.734634634634635 9.06388795321899
0.735735735735736 8.77490249660851
0.736836836836837 8.50408338269354
0.737937937937938 8.25137986355932
0.739039039039039 8.01660808008355
0.74014014014014 7.79947837166195
0.741241241241241 7.59961893014985
0.742342342342342 7.41659557486393
0.743443443443443 7.24992758955699
0.744544544544545 7.09909969417012
0.745645645645646 6.96357032801842
0.746746746746747 6.84277650233377
0.747847847847848 6.73613554467371
0.748948948948949 6.6430441112221
0.75005005005005 6.56287489014939
0.751151151151151 6.49497146328112
0.752252252252252 6.43864183594149
0.753353353353353 6.39315118572945
0.754454454454455 6.35771441801314
0.755555555555556 6.3314891452821
0.756656656656657 6.31356972403365
0.757757757757758 6.30298298065157
0.758858858858859 6.29868623070106
0.75995995995996 6.29956813882123
0.761061061061061 6.30445287504298
0.762162162162162 6.31210789630815
0.763263263263263 6.3212555205849
0.764364364364365 6.33058827007507
0.765465465465466 6.3387877479463
0.766566566566567 6.34454659146841
0.767667667667668 6.34659282770786
0.768768768768769 6.34371576196558
0.76986986986987 6.33479237009207
0.770970970970971 6.31881305853383
0.772072072072072 6.29490561240987
0.773173173173173 6.2623561797193
0.774274274274274 6.22062624118613
0.775375375375375 6.16936468651643
0.776476476476477 6.10841434928933
0.777577577577578 6.03781262933217
0.778678678678679 5.95778613418175
0.77977977977978 5.86873957866125
0.780880880880881 5.77123947184874
0.781981981981982 5.66599337350891
0.783083083083083 5.55382570055948
0.784184184184184 5.4356511963713
0.785285285285285 5.31244723545298
0.786386386386386 5.18522612321003
0.787487487487488 5.0550084705796
0.788588588588589 4.92279858686415
0.78968968968969 4.78956265499987
0.790790790790791 4.65621024780079
0.791891891891892 4.52357952783812
0.792992992992993 4.39242626293947
0.794094094094094 4.26341659697798
0.795195195195195 4.13712335176112
0.796296296296296 4.01402550700849
0.797397397397397 3.89451041467532
0.798498498498499 3.77887825102769
0.7995995995996 3.66734819199673
0.800700700700701 3.56006580952167
0.801801801801802 3.45711122267674
0.802902902902903 3.35850759068972
0.804004004004004 3.26422959893786
0.805105105105105 3.17421165769276
0.806206206206206 3.08835560176352
0.807307307307307 3.00653774335595
0.808408408408408 2.92861518769275
0.80950950950951 2.8544313695782
0.810610610610611 2.7838208084553
0.811711711711712 2.71661310966757
0.812812812812813 2.65263626124422
0.813913913913914 2.59171928958667
0.815015015015015 2.53369434515946
0.816116116116116 2.47839829194742
0.817217217217217 2.42567387326135
0.818318318318318 2.37537052256296
0.81941941941942 2.32734488229148
0.820520520520521 2.28146108698377
0.821621621621622 2.23759085989561
0.822722722722723 2.19561346529948
0.823823823823824 2.15541555196198
0.824924924924925 2.11689091718884
0.826026026026026 2.0799402153709
0.827127127127127 2.04447063021008
0.828228228228228 2.01039552574009
0.829329329329329 1.97763408784302
0.830430430430431 1.94611096513915
0.831531531531532 1.91575591582628
0.832632632632633 1.88650346519544
0.833733733733734 1.85829257708308
0.834834834834835 1.8310663413732
0.835935935935936 1.80477167877977
0.837037037037037 1.77935906346948
0.838138138138138 1.75478226358714
0.839239239239239 1.73099809938378
0.84034034034034 1.70796621839204
0.841441441441442 1.68564888692108
0.842542542542543 1.6640107970338
0.843643643643644 1.64301888810808
0.844744744744745 1.62264218205807
0.845845845845846 1.60285163129228
0.846946946946947 1.58361997850391
0.848048048048048 1.56492162742132
0.849149149149149 1.54673252368664
0.85025025025025 1.52903004507609
0.851351351351351 1.5117929003242
0.852452452452452 1.49500103586276
0.853553553553554 1.47863554983461
0.854654654654655 1.46267861278959
0.855755755755756 1.44711339451549
0.856856856856857 1.43192399649999
0.857957957957958 1.41709538956057
0.859059059059059 1.402613356217
0.86016016016016 1.38846443741659
0.861261261261261 1.37463588325501
0.862362362362362 1.3611156073659
0.863463463463464 1.34789214467998
0.864564564564565 1.33495461228016
0.865665665665666 1.32229267310251
0.866766766766767 1.30989650225409
0.867867867867868 1.29775675573869
0.868968968968969 1.28586454139896
0.87007007007007 1.27421139189992
0.871171171171171 1.26278923959373
0.872272272272272 1.25159039311919
0.873373373373374 1.24060751560162
0.874474474474475 1.22983360433035
0.875575575575576 1.219261971801
0.876676676676677 1.20888622801943
0.877777777777778 1.19870026397255
0.878878878878879 1.18869823617895
0.87997997997998 1.17887455223975
0.881081081081081 1.16922385731612
0.882182182182182 1.15974102146612
0.883283283283283 1.15042112777889
0.884384384384384 1.14125946124905
0.885485485485486 1.13225149833879
0.886586586586587 1.12339289717926
0.887687687687688 1.1146794883665
0.888788788788789 1.10610726631093
0.88988988988989 1.09767238110214
0.890990990990991 1.08937113085405
0.892092092092092 1.08119995449794
0.893193193193193 1.07315542499331
0.894294294294294 1.06523424292881
0.895395395395395 1.05743323048757
0.896496496496497 1.04974932575313
0.897597597597598 1.04217957733376
0.898698698698699 1.03472113928491
0.8997997997998 1.02737126631056
0.900900900900901 1.02012730922605
0.902002002002002 1.01298671066576
0.903103103103103 1.00594700102064
0.904204204204204 0.999005794591207
0.905305305305305 0.992160785942944
0.906406406406406 0.985409746451767
0.907507507507508 0.978750521028098
0.908608608608609 0.972181025008922
0.90970970970971 0.965699241207821
0.910810810810811 0.959303217113706
0.911911911911912 0.952991062229592
0.913013013013013 0.946760945543317
0.914114114114114 0.940611093122551
0.915215215215215 0.934539785827147
0.916316316316316 0.928545357132054
0.917417417417418 0.922626191054723
0.918518518518519 0.916780720181071
0.91961961961962 0.911007423784644
0.920720720720721 0.90530482603384
0.921821821821822 0.899671494282383
0.922922922922923 0.894106037438591
0.924024024024024 0.888607104409188
0.925125125125125 0.883173382613685
0.926226226226226 0.877803596565658
0.927327327327327 0.872496506517352
0.928428428428428 0.867250907164368
0.92952952952953 0.862065626407282
0.930630630630631 0.856939524167365
0.931731731731732 0.851871491253516
0.932832832832833 0.846860448277951
0.933933933933934 0.841905344618142
0.935035035035035 0.837005157422706
0.936136136136136 0.832158890659063
0.937237237237237 0.82736557420086
0.938338338338338 0.82262426295315
0.93943943943944 0.817934036013563
0.940540540540541 0.813293995867717
0.941641641641642 0.808703267617217
0.942742742742743 0.804160998238712
0.943843843843844 0.799666355872562
0.944944944944945 0.795218529139721
0.946046046046046 0.790816726485489
0.947147147147147 0.786460175548973
0.948248248248248 0.782148122556991
0.949349349349349 0.777879831741386
0.950450450450451 0.77365458477863
0.951551551551552 0.769471680250749
0.952652652652653 0.76533043312662
0.953753753753754 0.761230174262705
0.954854854854855 0.757170249922446
0.955955955955956 0.753150021313359
0.957057057057057 0.749168864141256
0.958158158158158 0.745226168180638
0.959259259259259 0.741321336860779
0.96036036036036 0.737453786866645
0.961461461461461 0.733622947754138
0.962562562562563 0.729828261579076
0.963663663663664 0.726069182539151
0.964764764764765 0.72234517662863
0.965865865865866 0.718655721304972
0.966966966966967 0.715000305167063
0.968068068068068 0.711378427644526
0.969169169169169 0.707789598697667
0.97027027027027 0.704233338527614
0.971371371371372 0.700709177296272
0.972472472472473 0.69721665485569
0.973573573573574 0.693755320486424
0.974674674674675 0.690324732644637
0.975775775775776 0.686924458717499
0.976876876876877 0.683554074786627
0.977977977977978 0.680213165399199
0.979079079079079 0.676901323346538
0.98018018018018 0.673618149449743
0.981281281281281 0.670363252352261
0.982382382382382 0.667136248319003
0.983483483483484 0.663936761041821
0.984584584584585 0.66076442145111
0.985685685685686 0.657618867533288
0.986786786786787 0.654499744153955
0.987887887887888 0.651406702886495
0.988988988988989 0.648339401845966
0.99009009009009 0.645297505528036
0.991191191191191 0.642280684652831
0.992292292292292 0.639288616013476
0.993393393393393 0.636320982329195
0.994494494494495 0.633377472102794
0.995595595595596 0.630457779482351
0.996696696696697 0.627561604127034
0.997797797797798 0.624688651076805
0.998898898898899 0.621838630625949
1 0.619011258200293
