-0.1 1.34913993333529
-0.0988988988988989 1.35647188298368
-0.0977977977977978 1.363869001233
-0.0966966966966967 1.37133211770833
-0.0955955955955956 1.37886207599284
-0.0944944944944945 1.38645973392152
-0.0933933933933934 1.39412596388234
-0.0922922922922923 1.40186165312504
-0.0911911911911912 1.40966770407781
-0.0900900900900901 1.41754503467213
-0.088988988988989 1.42549457867584
-0.0878878878878879 1.43351728603495
-0.0867867867867868 1.44161412322422
-0.0856856856856857 1.44978607360692
-0.0845845845845846 1.458034137804
-0.0834834834834835 1.46635933407292
-0.0823823823823824 1.4747626986965
-0.0812812812812813 1.48324528638211
-0.0801801801801802 1.49180817067139
-0.0790790790790791 1.50045244436097
-0.077977977977978 1.50917921993455
-0.0768768768768769 1.51798963000649
-0.0757757757757758 1.52688482777749
-0.0746746746746747 1.53586598750269
-0.0735735735735736 1.5449343049725
-0.0724724724724725 1.5540909980066
-0.0713713713713714 1.56333730696164
-0.0702702702702703 1.5726744952529
-0.0691691691691692 1.58210384989054
-0.0680680680680681 1.59162668203073
-0.066966966966967 1.60124432754236
-0.0658658658658659 1.61095814758957
-0.0647647647647648 1.62076952923091
-0.0636636636636637 1.63067988603548
-0.0625625625625626 1.64069065871662
-0.0614614614614615 1.6508033157839
-0.0603603603603604 1.66101935421384
-0.0592592592592593 1.67134030014004
-0.0581581581581582 1.6817677095634
-0.0570570570570571 1.69230316908322
-0.055955955955956 1.70294829664954
-0.0548548548548549 1.71370474233792
-0.0537537537537538 1.7245741891471
-0.0526526526526527 1.73555835382032
-0.0515515515515516 1.74665898769147
-0.0504504504504505 1.7578778775564
-0.0493493493493493 1.76921684657083
-0.0482482482482482 1.78067775517533
-0.0471471471471471 1.79226250204865
-0.046046046046046 1.80397302509021
-0.0449449449449449 1.81581130243291
-0.0438438438438438 1.82777935348731
-0.0427427427427427 1.83987924001821
-0.0416416416416416 1.85211306725504
-0.0405405405405405 1.86448298503705
-0.0394394394394394 1.8769911889947
-0.0383383383383383 1.88963992176851
-0.0372372372372372 1.90243147426691
-0.0361361361361361 1.91536818696427
-0.035035035035035 1.9284524512409
-0.0339339339339339 1.94168671076635
-0.0328328328328328 1.95507346292781
-0.0317317317317317 1.96861526030525
-0.0306306306306306 1.98231471219501
-0.0295295295295295 1.99617448618392
-0.0284284284284284 2.0101973097756
-0.0273273273273273 2.0243859720711
-0.0262262262262262 2.03874332550613
-0.0251251251251251 2.05327228764675
-0.024024024024024 2.0679758430462
-0.0229229229229229 2.08285704516493
-0.0218218218218218 2.09791901835663
-0.0207207207207207 2.11316495992269
-0.0196196196196196 2.1285981422379
-0.0185185185185185 2.14422191495032
-0.0174174174174174 2.16003970725821
-0.0163163163163163 2.17605503026723
-0.0152152152152152 2.19227147943125
-0.0141141141141141 2.20869273707999
-0.013013013013013 2.22532257503745
-0.0119119119119119 2.24216485733448
-0.0108108108108108 2.2592235430198
-0.0097097097097097 2.27650268907336
-0.00860860860860861 2.29400645342655
-0.0075075075075075 2.31173909809365
-0.00640640640640641 2.32970499241932
-0.00530530530530531 2.34790861644726
-0.0042042042042042 2.36635456441511
-0.00310310310310311 2.38504754838103
-0.002002002002002 2.40399240198805
-0.000900900900900906 2.42319408437185
0.000200200200200201 2.44265768421856
0.00130130130130131 2.4623884239792
0.0024024024024024 2.48239166424772
0.00350350350350351 2.50267290831012
0.0046046046046046 2.52323780687225
0.00570570570570571 2.54409216297452
0.00680680680680681 2.5652419371021
0.00790790790790791 2.58669325249953
0.00900900900900901 2.60845240069935
0.0101101101101101 2.63052584727452
0.0112112112112112 2.65292023782536
0.0123123123123123 2.67564240421201
0.0134134134134134 2.6986993710439
0.0145145145145145 2.72209836243881
0.0156156156156156 2.74584680906417
0.0167167167167167 2.76995235547451
0.0178178178178178 2.79442286775933
0.0189189189189189 2.81926644151649
0.02002002002002 2.84449141016759
0.0211211211211211 2.87010635363167
0.0222222222222222 2.89612010737566
0.0233233233233233 2.92254177186012
0.0244244244244244 2.94938072240058
0.0255255255255255 2.97664661946527
0.0266266266266266 3.00434941943186
0.0277277277277277 3.03249938582665
0.0288288288288288 3.0611071010715
0.0299299299299299 3.09018347876453
0.031031031031031 3.11973977652333
0.0321321321321321 3.14978760941956
0.0332332332332332 3.18033896403744
0.0343343343343343 3.2114062131884
0.0354354354354355 3.2430021313186
0.0365365365365365 3.2751399106457
0.0376376376376376 3.30783317806556
0.0387387387387387 3.34109601287125
0.0398398398398399 3.37494296532884
0.0409409409409409 3.40938907615838
0.042042042042042 3.44444989697071
0.0431431431431432 3.48014151171426
0.0442442442442443 3.51648055918917
0.0453453453453453 3.55348425669066
0.0464464464464464 3.59117042484589
0.0475475475475476 3.62955751371508
0.0486486486486487 3.66866463022966
0.0497497497497497 3.70851156704767
0.0508508508508509 3.74911883290987
0.051951951951952 3.79050768458678
0.0530530530530531 3.83270016051292
0.0541541541541542 3.87571911621026
0.0552552552552553 3.91958826161114
0.0563563563563564 3.9643322003975
0.0574574574574575 4.00997647148173
0.0585585585585586 4.05654759276352
0.0596596596596597 4.10407310730637
0.0607607607607608 4.15258163208724
0.0618618618618619 4.20210290948482
0.062962962962963 4.25266786168266
0.0640640640640641 4.30430864817718
0.0651651651651652 4.35705872659416
0.0662662662662663 4.41095291703197
0.0673673673673674 4.46602747016684
0.0684684684684685 4.52232013937233
0.0695695695695696 4.57987025712469
0.0706706706706707 4.63871881598626
0.0717717717717718 4.69890855448163
0.0728728728728729 4.76048404820521
0.073973973973974 4.82349180652567
0.0750750750750751 4.88798037528132
0.0761761761761762 4.95400044589095
0.0772772772772773 5.02160497133957
0.0783783783783784 5.09084928953444
0.0794794794794795 5.16179125456707
0.0805805805805806 5.23449137646072
0.0816816816816817 5.30901297003008
0.0827827827827828 5.38542231353218
0.0838838838838839 5.46378881784317
0.084984984984985 5.54418520695838
0.0860860860860861 5.62668771067982
0.0871871871871872 5.7113762704286
0.0882882882882883 5.79833475920086
0.0893893893893894 5.8876512167734
0.0904904904904905 5.97941810136137
0.0915915915915916 6.0737325590359
0.0926926926926927 6.17069671232448
0.0937937937937938 6.27041796954444
0.0948948948948949 6.37300935655696
0.095995995995996 6.47858987278181
0.0970970970970971 6.58728487348014
0.0981981981981982 6.69922648049365
0.0992992992992993 6.81455402383145
0.1004004004004 6.93341451671453
0.101501501501502 7.05596316693001
0.102602602602603 7.18236392761315
0.103703703703704 7.31279009086595
0.104804804804805 7.44742492794209
0.105905905905906 7.5864623800776
0.107007007007007 7.73010780443416
0.108108108108108 7.87857878004205
0.109209209209209 8.03210597909472
0.11031031031031 8.19093410945309
0.111411411411411 8.35532293477182
0.112512512512513 8.52554837926722
0.113613613613614 8.70190372480348
0.114714714714715 8.88470090869546
0.115815815815816 9.07427193140353
0.116916916916917 9.27097038413869
0.118018018018018 9.47517310730372
0.119119119119119 9.68728199166852
0.12022022022022 9.90772593521121
0.121321321321321 10.1369629696509
0.122422422422422 10.3754825718395
0.123523523523524 10.6238081763559
0.124624624624625 10.8824999068446
0.125725725725726 11.1521575448103
0.126826826826827 11.4334237557137
0.127927927927928 11.7269875932191
0.129029029029029 12.0335883032675
0.13013013013013 12.354019450189
0.131231231231231 12.689133387177
0.132332332332332 13.0398460929633
0.133433433433433 13.4071423952389
0.134534534534535 13.7920815989526
0.135635635635636 14.1958035337576
0.136736736736737 14.6195350290843
0.137837837837838 15.064596817049
0.138938938938939 15.5324108519707
0.14004004004004 16.0245080198098
0.141141141141141 16.542536190381
0.142242242242242 17.0882685385288
0.143343343343343 17.6636120262345
0.144444444444444 18.2706158943162
0.145545545545546 18.911479958306
0.146646646646647 19.5885624364835
0.147747747747748 20.3043869571859
0.148848848848849 21.061648295805
0.14994994994995 21.8632162781773
0.151051051051051 22.7121371558441
0.152152152152152 23.61163161048
0.153253253253253 24.5650883817458
0.154354354354354 25.5760523390575
0.155455455455455 26.6482056400813
0.156556556556557 27.7853404472674
0.157657657657658 28.9913215222806
0.158758758758759 30.2700369049638
0.15985985985986 31.6253348309138
0.160960960960961 33.0609450765068
0.162062062062062 34.5803830721251
0.163163163163163 36.1868354249961
0.164264264264264 37.8830259734392
0.165365365365365 39.6710621815253
0.166466466466466 41.5522625963485
0.167567567567568 43.5269672358503
0.168668668668669 45.594334142292
0.16976976976977 47.7521268914499
0.170870870870871 49.9964995303508
0.171971971971972 52.3217871381447
0.173073073073073 54.7203118481373
0.174174174174174 57.1822155916491
0.175275275275275 59.6953318657855
0.176376376376376 62.2451093201365
0.177477477477477 64.8145997427067
0.178578578578579 67.3845219693494
0.17967967967968 69.9334112545747
0.180780780780781 72.4378606983352
0.181881881881882 74.8728574745066
0.182982982982983 77.2122119905387
0.184084084084084 79.4290729510914
0.185185185185185 81.4965159090662
0.186286286286286 83.3881876357169
0.187387387387387 85.078983933313
0.188488488488489 86.5457347554285
0.18958958958959 87.7678680590606
0.190690690690691 88.7280229793214
0.191791791791792 89.4125838690118
0.192892892892893 89.8121095217374
0.193993993993994 89.9216363878743
0.195095095095095 89.7408405392849
0.196196196196196 89.2740501534754
0.197297297297297 88.5301078860217
0.198398398398398 87.5220901432228
0.199499499499499 86.2668974124437
0.200600600600601 84.7847359587197
0.201701701701702 83.0985159467338
0.202802802802803 81.2331941159609
0.203903903903904 79.215090388384
0.205005005005005 77.0712072383257
0.206106106106106 74.828578459065
0.207207207207207 72.513670394746
0.208308308308308 70.1518541261674
0.209409409409409 67.7669619081354
0.210510510510511 65.3809357625654
0.211611611611612 63.0135709138387
0.212712712712713 60.6823520304064
0.213813813813814 58.4023762503478
0.214914914914915 56.1863538713773
0.216016016016016 54.0446754427163
0.217117117117117 51.9855327926443
0.218218218218218 50.015081181389
0.219319319319319 48.1376301566633
0.22042042042042 46.3558516523712
0.221521521521522 44.6709952427105
0.222622622622623 43.0831020817375
0.223723723723724 41.5912107763708
0.224824824824825 40.1935501370666
0.225925925925926 38.8877153314158
0.227027027027027 37.6708253670888
0.228128128128128 36.5396610141833
0.229229229229229 35.4907832286251
0.23033033033033 34.5206328618514
0.231431431431431 33.6256129549871
0.232532532532533 32.8021552442406
0.233633633633634 32.0467726788652
0.234734734734735 31.3560998054246
0.235835835835836 30.7269228325714
0.236936936936937 30.1562010862849
0.238038038038038 29.6410814197264
0.239139139139139 29.1789069734212
0.24024024024024 28.7672215049234
0.241341341341341 28.4037703331551
0.242442442442442 28.0864987785277
0.243543543543544 27.8135488303027
0.244644644644645 27.583254639817
0.245745745745746 27.3941373229627
0.246846846846847 27.244899457306
0.247947947947948 27.1344195773656
0.249049049049049 27.0617469043236
0.25015015015015 27.0260964920458
0.251251251251251 27.0268449279745
0.252352352352352 27.0635266934811
0.253453453453453 27.1358312620183
0.254554554554555 27.2436009934108
0.255655655655656 27.3868298675841
0.256756756756757 27.5656630897476
0.257857857857858 27.7803975905171
0.258958958958959 28.0314834377019
0.26006006006006 28.3195261706207
0.261161161161161 28.6452900620106
0.262262262262262 29.0097023059486
0.263363363363363 29.4138581218576
0.264464464464464 29.859026753576
0.265565565565566 30.3466583275515
0.266666666666667 30.8783915141855
0.267767767767768 31.4560619097376
0.268868868868869 32.0817110213309
0.26996996996997 32.7575956925673
0.271071071071071 33.4861977499435
0.272172172172172 34.2702335783443
0.273273273273273 35.1126632449873
0.274374374374374 36.0166986828781
0.275475475475475 36.9858103150234
0.276576576576577 38.0237313476377
0.277677677677678 39.1344587837369
0.278778778778779 40.3222500084962
0.27987987987988 41.591613577394
0.280980980980981 42.9472926029993
0.282082082082082 44.3942388954802
0.283183183183183 45.9375757791047
0.284284284284284 47.5825473009492
0.285385385385385 49.3344513932702
0.286486486486487 51.1985544779363
0.287587587587588 53.1799850461028
0.288688688688689 55.2836039493676
0.28978978978979 57.5138495430099
0.290890890890891 59.8745564696922
0.291991991991992 62.3687478002932
0.293093093093093 64.9984014836807
0.294194194194194 67.7641936086756
0.295295295295295 70.6652228346405
0.296396396396396 73.6987224572584
0.297497497497498 76.8597688622707
0.298598598598599 80.1409974626043
0.2996996996997 83.5323394546266
0.300800800800801 87.0207946743199
0.301901901901902 90.5902572662035
0.303003003003003 94.2214115694877
0.304104104104104 97.8917153601972
0.305205205205205 101.575486182097
0.306306306306306 105.244103830329
0.307407407407407 108.866338081433
0.308508508508509 112.408805558915
0.30960960960961 115.836553369828
0.310710710710711 119.11376015082
0.311811811811812 122.20453783758
0.312912912912913 125.073810321852
0.314014014014014 127.688238736096
0.315115115115115 130.017157960755
0.316216216216216 132.033485584558
0.317317317317317 133.714563361747
0.318418418418418 135.042892447089
0.31951951951952 136.006727408805
0.320620620620621 136.600500075699
0.321721721721722 136.825052321123
0.322822822822823 136.687666399324
0.323923923923924 136.201891772168
0.325025025025025 135.387177765136
0.326126126126126 134.268331131726
0.327227227227227 132.874826006998
0.328328328328328 131.240000237243
0.329429429429429 129.400176296033
0.330530530530531 127.393746747189
0.331631631631632 125.260263507675
0.332732732732733 123.039567204859
0.333833833833834 120.770988079888
0.334934934934935 118.492643643934
0.336036036036036 116.240851190718
0.337137137137137 114.049665859947
0.338238238238238 111.950547744362
0.339339339339339 109.972154971102
0.34044044044044 108.140254092268
0.341541541541542 106.477734697012
0.342642642642643 105.004711995585
0.343743743743744 103.73869920423
0.344844844844845 102.694830770179
0.345945945945946 101.886117646777
0.347047047047047 101.323716752147
0.348148148148148 101.017198202231
0.349249249249249 100.974795693808
0.35035035035035 101.203627347382
0.351451451451452 101.709876267528
0.352552552552553 102.498921950883
0.353653653653654 103.575415430519
0.354754754754755 104.943292697303
0.355855855855856 106.60572253113
0.356956956956957 108.564986484913
0.358058058058058 110.822290487371
0.359159159159159 113.377509467042
0.36026026026026 116.22886863983
0.361361361361361 119.372567710395
0.362462462462462 122.802357238514
0.363563563563564 126.509079785949
0.364664664664665 130.480192093293
0.365765765765766 134.699288274429
0.366866866866867 139.145647620779
0.367967967967968 143.793833775492
0.369069069069069 148.613374415951
0.37017017017017 153.568551793169
0.371271271271271 158.618334148655
0.372372372372372 163.71647584139
0.373473473473473 168.81180974027
0.374574574574575 173.848748976635
0.375675675675676 178.768006585671
0.376776776776777 183.50753117009
0.377877877877878 188.003644975148
0.378978978978979 192.192358342885
0.38008008008008 196.010822242362
0.381181181181181 199.398869374319
0.382282282282282 202.300585164061
0.383383383383383 204.665843655987
0.384484484484484 206.45174061605
0.385585585585586 207.623857499195
0.386686686686687 208.157295504646
0.387787787787788 208.03742853695
0.388888888888889 207.260336984454
0.38998998998999 205.832899980031
0.391091091091091 203.772541141231
0.392192192192192 201.10664047395
0.393293293293293 197.871641907653
0.394394394394394 194.111900637282
0.395495495495496 189.878326092541
0.396596596596597 185.226884229723
0.397697697697698 180.217026564008
0.398798798798799 174.910112899105
0.3998998998999 169.367890365693
0.401001001001001 163.651083732684
0.402102102102102 157.818141798203
0.403203203203203 151.924172914433
0.404304304304304 146.020090297598
0.405405405405405 140.151975612225
0.406506506506507 134.360658164611
0.407607607607608 128.681497487561
0.408708708708709 123.144349539971
0.40980980980981 117.773691369867
0.410910910910911 112.588875898369
0.412012012012012 107.604487317272
0.413113113113113 102.830768178791
0.414214214214214 98.2740912422697
0.415315315315315 93.9374521463941
0.416416416416416 89.8209626180458
0.417517517517518 85.9223278648146
0.418618618618619 82.2372957347547
0.41971971971972 78.7600689355203
0.420820820820821 75.4836749235727
0.421921921921922 72.4002909042309
0.423023023023023 69.5015236816836
0.424124124124124 66.7786458664418
0.425225225225225 64.2227912209892
0.426326326326326 61.8251127595669
0.427427427427427 59.5769076841998
0.428528528528529 57.4697134092286
0.42962962962963 55.4953788714561
0.430730730730731 53.6461151069187
0.431831831831832 51.9145287535721
0.432932932932933 50.2936417572798
0.434034034034034 48.7769001519097
0.435135135135135 47.3581743793199
0.436236236236236 46.0317532298141
0.437337337337337 44.792333129931
0.438438438438439 43.6350041884993
0.43953953953954 42.5552341362535
0.440640640640641 41.5488510585055
0.441741741741742 40.612025622246
0.442842842842843 39.7412533351717
0.443943943943944 38.9333372406282
0.445045045045045 38.1853713452133
0.446146146146146 37.4947249908397
0.447247247247247 36.8590283167016
0.448348348348348 36.276158905514
0.44944944944945 35.7442296696287
0.450550550550551 35.2615780036769
0.451651651651652 34.8267562090281
0.452752752752753 34.4385231797739
0.453853853853854 34.0958373285172
0.454954954954955 33.7978507216365
0.456056056056056 33.5439043866771
0.457157157157157 33.3335247480022
0.458258258258258 33.1664211397845
0.459359359359359 33.0424843368189
0.460460460460461 32.9617860324405
0.461561561561562 32.924579177954
0.462662662662663 32.9312990782168
0.463763763763764 32.982565112103
0.464864864864865 33.0791829130891
0.465965965965966 33.2221468026821
0.467067067067067 33.412642216302
0.468168168168168 33.6520477960372
0.469269269269269 33.9419367460709
0.47037037037037 34.2840769534796
0.471471471471472 34.6804292691256
0.472572572572573 35.1331432208943
0.473673673673674 35.6445492963324
0.474774774774775 36.217146787221
0.475875875875876 36.853586040477
0.476976976976977 37.5566438164167
0.478078078078078 38.329190328466
0.479179179179179 39.1741464430528
0.48028028028028 40.0944294735288
0.481381381381381 41.0928860298878
0.482482482482483 42.17221051187
0.483583583583584 43.334848083423
0.484684684684685 44.5828813675618
0.485785785785786 45.9179006754394
0.486886886886887 47.340858348336
0.487987987987988 48.8519087521757
0.489089089089089 50.450236612239
0.49019019019019 52.1338776832267
0.491291291291291 53.8995371668754
0.492392392392392 55.7424127417859
0.493493493493494 57.6560304598296
0.494594594594595 59.6321029708863
0.495695695695696 61.6604204278657
0.496796796796797 63.7287848559748
0.497897897897898 65.8229986094802
0.498998998998999 67.9269166722059
0.5001001001001 70.0225709083296
0.501201201201201 72.0903719135711
0.502302302302302 74.109390894712
0.503403403403404 76.0577201318536
0.504504504504505 77.9129062420366
0.505605605605606 79.6524459222587
0.506706706706707 81.2543294155334
0.507807807807808 82.697612956997
0.508908908908909 83.9629982611348
0.51001001001001 85.0333950173598
0.511111111111111 85.8944416162262
0.512212212212212 86.5349600853896
0.513313313313313 86.9473235102263
0.514414414414414 87.1277179595492
0.515515515515516 87.0762859178054
0.516616616616617 86.7971441176595
0.517717717717718 86.2982750640685
0.518818818818819 85.5912979897852
0.51991991991992 84.6911310245284
0.521021021021021 83.6155615752542
0.522122122122122 82.3847459574331
0.523223223223223 81.0206619461983
0.524324324324324 79.5465390132102
0.525425425425425 77.9862905889935
0.526526526526527 76.3639708691024
0.527627627627628 74.7032756930691
0.528728728728729 73.0271031663787
0.52982982982983 71.3571853053822
0.530930930930931 69.7137974063953
0.532032032032032 68.1155473917979
0.533133133133133 66.5792433372602
0.534234234234234 65.1198339387997
0.535335335335335 63.7504139657608
0.536436436436436 62.4822848214476
0.537537537537538 61.3250591853445
0.538638638638639 60.2867982730531
0.53973973973974 59.3741704160209
0.540840840840841 58.592620303429
0.541941941941942 57.9465392062194
0.543043043043043 57.4394276872303
0.544144144144144 57.0740435775418
0.545245245245245 56.8525292770697
0.546346346346346 56.7765136547946
0.547447447447448 56.8471849469498
0.548548548548549 57.0653320732452
0.54964964964965 57.431352727936
0.550750750750751 57.9452274882316
0.551851851851852 58.606460062429
0.552952952952953 59.4139847236133
0.554054054054054 60.3660429880606
0.555155155155155 61.4600327360976
0.556256256256256 62.6923342549593
0.557357357357357 64.0581191019915
0.558458458458459 65.5511492073799
0.55955955955956 67.1635751916323
0.560660660660661 68.8857443655738
0.561761761761762 70.7060301819746
0.562862862862863 72.6106958684695
0.563963963963964 74.5838054303926
0.565065065065065 76.6071950122403
0.566166166166166 78.660516611213
0.567267267267267 80.7213642490662
0.568368368368368 82.7654898910199
0.56946946946947 84.7671126884604
0.570570570570571 86.6993206359644
0.571671671671672 88.5345586808417
0.572772772772773 90.2451919944898
0.573873873873874 91.8041278647077
0.574974974974975 93.1854748918409
0.576076076076076 94.3652142713812
0.577177177177177 95.3218552918515
0.578278278278278 96.0370460697515
0.579379379379379 96.4961111778511
0.580480480480481 96.6884902615328
0.581581581581582 96.6080558956863
0.582682682682683 96.2532945801663
0.583783783783784 95.6273415416977
0.584884884884885 94.737867439464
0.585985985985986 93.5968226348023
0.587087087087087 92.2200518447319
0.588188188188188 90.6267982536791
0.589289289289289 88.8391210895714
0.59039039039039 86.8812539796834
0.591491491491492 84.7789329298985
0.592592592592593 82.5587225090138
0.593693693693694 80.2473668995381
0.594794794794795 77.8711891503815
0.595895895895896 75.4555575759204
0.596996996996997 73.0244331822509
0.598098098098098 70.6000066692255
0.599199199199199 68.2024283362781
0.6003003003003 65.8496294376732
0.601401401401402 63.557229440724
0.602502502502503 61.3385204054038
0.603603603603604 59.2045174055682
0.604704704704705 57.1640625509363
0.605805805805806 55.2239696788984
0.606906906906907 53.3891970506911
0.608008008008008 51.6630362614037
0.609109109109109 50.0473068986656
0.61021021021021 48.5425481041642
0.611311311311311 47.1481999631588
0.612412412412413 45.8627694497996
0.613513513513514 44.6839773962154
0.614614614614615 43.6088845632751
0.615715715715716 42.6339963268965
0.616816816816817 41.7553467317373
0.617917917917918 40.968563694638
0.619019019019019 40.268917963172
0.62012012012012 39.6513590545771
0.621221221221221 39.110541822732
0.622322322322322 38.6408475301409
0.623423423423423 38.2364033406302
0.624524524524525 37.8911039982865
0.625625625625626 37.5986391214588
0.626726726726727 37.352529023472
0.627827827827828 37.1461712866099
0.628928928928929 36.9728994847366
0.63003003003003 36.8260545055448
0.631131131131131 36.6990679104893
0.632232232232232 36.5855557444036
0.633333333333333 36.4794202310699
0.634434434434434 36.3749559329529
0.635535535535536 36.2669562785092
0.636636636636637 36.1508159266824
0.637737737737738 36.0226242890525
0.638838838838839 35.8792456898687
0.63993993993994 35.7183821139311
0.641041041041041 35.5386152481909
0.642142142142142 35.3394255172767
0.643243243243243 35.1211869776246
0.644344344344344 34.8851381863262
0.645445445445445 34.633330408595
0.646546546546547 34.3685556819375
0.647647647647648 34.0942582347142
0.648748748748749 33.8144334967607
0.64984984984985 33.5335193965432
0.650950950950951 33.2562847937246
0.652052052052052 32.9877197536636
0.653153153153153 32.7329319596177
0.654254254254254 32.4970529261612
0.655355355355355 32.2851568832725
0.656456456456457 32.1021943106924
0.657557557557558 31.9529411823835
0.658658658658659 31.8419640911552
0.65975975975976 31.7736006132589
0.660860860860861 31.7519535781061
0.661961961961962 31.7808973507227
0.663063063063063 31.8640938213471
0.664164164164164 32.0050155224693
0.665265265265265 32.206973143492
0.666366366366366 32.4731446655786
0.667467467467468 32.8066033696274
0.668568568568569 33.2103420546656
0.66966966966967 33.6872909216452
0.670770770770771 34.2403267138105
0.671871871871872 34.8722708521205
0.672972972972973 35.5858744636657
0.674074074074074 36.3837883821766
0.675175175175175 37.2685164200947
0.676276276276276 38.2423504953201
0.677377377377377 39.3072865711885
0.678478478478479 40.4649208655214
0.67957957957958 41.7163264317725
0.680680680680681 43.0619110341817
0.681781781781782 44.5012582403834
0.682882882882883 46.0329548344369
0.683983983983984 47.6544089860347
0.685085085085085 49.3616650493205
0.686186186186186 51.1492223332535
0.687287287287287 53.0098665852226
0.688388388388388 54.9345241385422
0.68948948948949 56.912149554316
0.690590590590591 58.9296579942839
0.691691691691692 60.9719133556037
0.692792792792793 63.021782264949
0.693893893893894 65.0602622901095
0.694994994994995 67.0666901590924
0.696096096096096 69.0190324234727
0.697197197197197 70.8942569840442
0.698298298298298 72.6687794093083
0.699399399399399 74.3189732878366
0.700500500500501 75.8217292855501
0.701601601601602 77.1550434808746
0.702702702702703 78.2986122775036
0.703803803803804 79.2344090657384
0.704904904904905 79.9472170712394
0.706006006006006 80.4250936492124
0.707107107107107 80.6597436876126
0.708208208208208 80.6467836793729
0.709309309309309 80.3858831869373
0.710410410410411 79.8807765159319
0.711511511511512 79.1391440175886
0.712612612612613 78.1723690837025
0.713713713713714 76.9951831118033
0.714814814814815 75.6252160697581
0.715915915915916 74.0824744245839
0.717017017017017 72.3887708747972
0.718118118118118 70.5671314206972
0.719219219219219 68.6412048353932
0.72032032032032 66.6346976962862
0.721421421421422 64.5708550392508
0.722522522522523 62.4720027161048
0.723623623623624 60.3591630196729
0.724724724724725 58.2517504444785
0.725825825825826 56.1673499034999
0.726926926926927 54.1215756000158
0.728028028028028 52.1280052677203
0.729129129129129 50.1981817749412
0.73023023023023 48.3416721964667
0.731331331331331 46.5661733765383
0.732432432432433 44.8776526695717
0.733533533533534 43.2805128405572
0.734634634634635 41.7777708996265
0.735735735735736 40.3712417908246
0.736836836836837 39.0617192141522
0.737937937937938 37.8491473079426
0.739039039039039 36.7327783530804
0.74014014014014 35.7113130045607
0.741241241241241 34.783020758779
0.742342342342342 33.9458394005865
0.743443443443443 33.1974530374837
0.744544544544545 32.5353490308951
0.745645645645646 31.9568546994541
0.746746746746747 31.4591551264653
0.747847847847848 31.0392937850708
0.748948948948949 30.6941580298283
0.75005005005005 30.4204518165004
0.751151151151151 30.2146583186318
0.752252252252252 30.0729954154678
0.753353353353353 29.9913673253156
0.754454454454455 29.9653159347417
0.755555555555556 29.989975600142
0.756656656656657 30.0600353394626
0.757757757757758 30.169712348813
0.758858858858859 30.3127406317318
0.75995995995996 30.4823781828699
0.761061061061061 30.6714355977174
0.762162162162162 30.8723281756316
0.763263263263263 31.0771525540435
0.764364364364365 31.2777876887595
0.765465465465466 31.4660186331487
0.766566566566567 31.6336801435617
0.767667667667668 31.7728157424781
0.768768768768769 31.8758466079379
0.76986986986987 31.9357436325459
0.770970970970971 31.946195304026
0.772072072072072 31.9017637794174
0.773173173173173 31.7980217060851
0.774274274274274 31.6316629993799
0.775375375375375 31.4005818949586
0.776476476476477 31.103916090903
0.777577577577578 30.7420515839242
0.778678678678679 30.3165887619072
0.77977977977978 29.8302713031718
0.780880880880881 29.2868813097683
0.781981981981982 28.6911057368229
0.783083083083083 28.0483804634774
0.784184184184184 27.3647192058853
0.785285285285285 26.6465348589204
0.786386386386386 25.9004607698361
0.787487487487488 25.1331789302263
0.788588588588589 24.3512611897734
0.78968968968969 23.5610284368487
0.790790790790791 22.7684313605421
0.791891891891892 21.9789550123485
0.792992992992993 21.1975480230577
0.794094094094094 20.4285760864876
0.795195195195195 19.6757982618036
0.796296296296296 18.9423638129162
0.797397397397397 18.2308267165153
0.798498498498499 17.5431746283838
0.7995995995996 16.8808689818886
0.800700700700701 16.2448929712402
0.801801801801802 15.6358044053863
0.802902902902903 15.0537907631153
0.804004004004004 14.4987241936259
0.805105105105105 13.9702146509699
0.806206206206206 13.4676597929225
0.807307307307307 12.9902906897799
0.808408408408408 12.537212758633
0.80950950950951 12.1074416531849
0.810610610610611 11.6999340937113
0.811711711711712 11.313613816814
0.812812812812813 10.9473929643109
0.813913913913914 10.6001893215074
0.815015015015015 10.2709398650175
0.816116116116116 9.958611097479
0.817217217217217 9.66220663884824
0.818318318318318 9.38077251864774
0.81941941941942 9.11340057672375
0.820520520520521 8.85923033678962
0.821621621621622 8.61744967119451
0.822722722722723 8.38729452986155
0.823823823823824 8.16804796317652
0.824924924924925 7.95903862904356
0.826026026026026 7.75963893903814
0.827127127127127 7.56926296782754
0.828228228228228 7.3873642237351
0.829329329329329 7.21343335623715
0.830430430430431 7.0469958579118
0.831531531531532 6.88760980346905
0.832632632632633 6.73486365652296
0.833733733733734 6.58837416527504
0.834834834834835 6.447784360856
0.835935935935936 6.31276166635463
0.837037037037037 6.18299612022488
0.838138138138138 6.05819871453619
0.839239239239239 5.9380998461859
0.84034034034034 5.82244787753654
0.841441441441442 5.7110078018212
0.842542542542543 5.60356000795033
0.843643643643644 5.49989913895432
0.844744744744745 5.39983303812712
0.845845845845846 5.3031817769378
0.846946946946947 5.20977675889685
0.848048048048048 5.11945989376912
0.849149149149149 5.03208283678434
0.85025025025025 4.94750628778851
0.851351351351351 4.86559934559088
0.852452452452452 4.78623891307595
0.853553553553554 4.70930914896534
0.854654654654655 4.63470096241861
0.855755755755756 4.56231154695559
0.856856856856857 4.49204395046098
0.857957957957958 4.42380667829359
0.859059059059059 4.35751332676737
0.86016016016016 4.29308224449916
0.861261261261261 4.23043621932852
0.862362362362362 4.16950218870965
0.863463463463464 4.1102109716545
0.864564564564565 4.05249702047001
0.865665665665666 3.99629819068362
0.866766766766767 3.94155552768808
0.867867867867868 3.88821306876354
0.868968968968969 3.83621765924911
0.87007007007007 3.78551878174108
0.871171171171171 3.73606839729123
0.872272272272272 3.68782079766534
0.873373373373374 3.64073246780174
0.874474474474475 3.59476195768238
0.875575575575576 3.54986976289473
0.876676676676677 3.50601821322319
0.877777777777778 3.46317136866368
0.878878878878879 3.42129492230483
0.87997997997998 3.38035610956516
0.881081081081081 3.34032362331726
0.882182182182182 3.30116753446778
0.883283283283283 3.26285921759695
0.884384384384384 3.22537128129314
0.885485485485486 3.18867750284661
0.886586586586587 3.15275276699347
0.887687687687688 3.11757300842487
0.888788788788789 3.08311515779866
0.88988988988989 3.04935709101114
0.890990990990991 3.01627758150504
0.892092092092092 2.98385625540699
0.893193193193193 2.95207354930325
0.894294294294294 2.920910670477
0.895395395395395 2.89034955944365
0.896496496496497 2.86037285463242
0.897597597597598 2.83096385907407
0.898698698698699 2.80210650896454
0.8997997997998 2.77378534398369
0.900900900900901 2.74598547925725
0.902002002002002 2.71869257885778
0.903103103103103 2.69189283074801
0.904204204204204 2.66557292307667
0.905305305305305 2.63972002174303
0.906406406406406 2.61432174915255
0.907507507507508 2.58936616409091
0.908608608608609 2.564841742649
0.90970970970971 2.54073736013581
0.910810810810811 2.51704227392052
0.911911911911912 2.49374610714899
0.913013013013013 2.47083883328337
0.914114114114114 2.44831076141699
0.915215215215215 2.42615252232002
0.916316316316316 2.4043550551737
0.917417417417418 2.38290959495456
0.918518518518519 2.36180766043137
0.91961961961962 2.34104104274112
0.920720720720721 2.32060179451144
0.921821821821822 2.30048221949958
0.922922922922923 2.28067486271961
0.924024024024024 2.26117250103128
0.925125125125125 2.24196813416573
0.926226226226226 2.22305497616459
0.927327327327327 2.20442644721053
0.928428428428428 2.18607616582862
0.92952952952953 2.16799794143907
0.930630630630631 2.15018576724294
0.931731731731732 2.13263381342394
0.932832832832833 2.11533642064972
0.933933933933934 2.09828809385769
0.935035035035035 2.08148349631083
0.936136136136136 2.06491744390996
0.937237237237237 2.04858489974976
0.938338338338338 2.03248096890629
0.93943943943944 2.01660089344478
0.940540540540541 2.00094004763689
0.941641641641642 1.98549393337718
0.942742742742743 1.97025817578932
0.943843843843844 1.95522851901282
0.944944944944945 1.94040082216183
0.946046046046046 1.92577105544773
0.947147147147147 1.91133529645795
0.948248248248248 1.89708972658363
0.949349349349349 1.88303062758929
0.950450450450451 1.86915437831794
0.951551551551552 1.85545745152546
0.952652652652653 1.84193641083827
0.953753753753754 1.82858790782893
0.954854854854855 1.81540867920414
0.955955955955956 1.80239554410029
0.957057057057057 1.78954540148171
0.958158158158158 1.77685522763718
0.959259259259259 1.76432207377023
0.96036036036036 1.75194306367937
0.961461461461461 1.73971539152421
0.962562562562563 1.7276363196738
0.963663663663664 1.71570317663374
0.964764764764765 1.70391335504862
0.965865865865866 1.69226430977672
0.966966966966967 1.68075355603382
0.968068068068068 1.66937866760334
0.969169169169169 1.65813727510999
0.97027027027027 1.6470270643544
0.971371371371372 1.63604577470608
0.972472472472473 1.62519119755246
0.973573573573574 1.61446117480174
0.974674674674675 1.60385359743731
0.975775775775776 1.59336640412168
0.976876876876877 1.58299757984804
0.977977977977978 1.57274515463748
0.979079079079079 1.56260720228003
0.98018018018018 1.55258183911801
0.981281281281281 1.54266722286975
0.982382382382382 1.53286155149236
0.983483483483484 1.52316306208194
0.984584584584585 1.51357002980978
0.985685685685686 1.50408076689327
0.986786786786787 1.49469362160006
0.987887887887888 1.4854069772844
0.988988988988989 1.47621925145429
0.99009009009009 1.4671288948684
0.991191191191191 1.45813439066158
0.992292292292292 1.44923425349795
0.993393393393393 1.44042702875062
0.994494494494495 1.43171129170687
0.995595595595596 1.42308564679813
0.996696696696697 1.4145487268536
0.997797797797798 1.40609919237693
0.998898898898899 1.39773573084486
1 1.38945705602727
