-0.1 71.6945452243947 6.9506103351273
-0.09 66.6017006642529 6.42206574175665
-0.08 47.8312783210313 5.79418117198797
-0.07 51.9199733007201 5.85629238690756
-0.06 74.7224981446323 7.05433792541175
-0.05 91.445944632618 7.479544716871
-0.04 143.972709650065 8.35797725556056
-0.03 301.425252013084 11.2391031283693
-0.02 485.60395720606 13.9769038493097
-0.01 635.585359295474 17.0751179700392
0 693.747480271538 17.5737679592888
0.01 628.65807971371 15.7288041216684
0.02 449.894474670217 13.3974872208436
0.03 270.697770202832 10.7669889636832
0.04 172.625839707598 8.8377666313335
0.05 86.9116470294012 7.35730821994727
0.06 61.2529449162247 6.71938330947272
0.07 83.6173964388693 6.73637633927054
0.08 87.2130219910558 6.84962334478335
0.09 79.6695529059292 6.71027701761643
0.1 97.9919112805324 7.67956344531092
0.11 95.9055878757168 7.5940343277108
0.12 68.5120389429305 6.29607965930335
0.13 69.8020915248526 6.29449939921469
0.14 79.607029681759 6.54407008854012
0.15 82.8422397658254 7.06714200939656
0.16 88.3234002646455 7.39108881912959
0.17 102.326092455243 7.26223946960121
0.18 106.571597450907 7.27054274593106
0.19 101.433083753017 7.18120915277348
0.2 110.024548617518 7.84877445873222
0.21 101.735843433391 7.59939251666134
0.22 94.0067739520823 6.91507709602016
0.23 93.1802724690362 6.86940094789255
0.24 77.9198112363683 6.4335044859447
0.25 67.214700719296 6.4785625789187
0.26 84.5242586979125 6.9851371133755
0.27 91.955073786182 6.75691487998544
0.28 85.6673046769513 6.55352512702949
0.29 87.3964931003632 6.5619865849015
0.3 103.331482282622 7.45530494018632
0.31 131.157166839353 8.0623513091443
0.32 146.214776432304 7.85952397620962
0.33 152.12056790117 7.98454924119667
0.34 139.34929317006 7.72069073661008
0.35 121.867979911252 7.83238127388471
0.36 122.196571574995 7.77659969287804
0.37 135.003382516133 7.50898614386041
0.38 161.595034008918 8.04070656653549
0.39 173.872403066169 8.26723854695169
0.4 153.859988564327 8.34047233322896
0.41 120.790707453444 7.66235016359734
0.42 92.5446741600529 6.48197956490883
0.43 76.5740027627363 6.07648446134192
0.44 65.2967114172334 5.73629470195075
0.45 44.1734667427902 5.53346514828208
0.46 33.5012011100632 5.18680961459577
0.47 38.2356050898822 5.05293008112742
0.48 45.7518453847113 5.27913487845519
0.49 46.8603762702175 5.19243955195014
0.5 54.1457124262574 5.81344447724123
0.51 39.8005923290675 5.30107047536097
0.52 16.2104635216367 4.17498768165215
0.53 33.8698918868427 4.70234409227339
0.54 53.9027038652979 5.30476562592929
0.55 40.7738169883952 5.15238312497222
0.56 39.9551097697733 5.15846046052336
0.57 47.9423638957394 5.1216372462871
0.58 52.7989785143368 5.20788849915749
0.59 58.991318795458 5.3968245198866
0.6 55.019330696064 5.71112912311174
0.61 58.6173948463047 5.70591941188403
0.62 51.8489449283651 5.11106418330089
0.63 35.865174598263 4.62488255760163
0.64 28.7755950731495 4.46986458068571
0.65 19.6354290525739 4.57893113891565
0.66 8.01146451176654 4.1233345774595
0.67 12.5910608583414 3.88720470800841
0.68 3.89212840958534 3.67517656283308
0.69 -3.22813149243227 3.45432861181353
0.7 7.88290778021838 4.20899251554146
0.71 25.5269395657101 4.71983457998187
0.72 24.4515278625454 4.53928955053953
0.73 23.9516336112788 4.47333712534444
0.74 30.2430805476625 4.48259009581623
0.75 27.7856787891277 4.74317711318619
0.76 30.2616716470355 4.81284530505
0.77 28.7627337129521 4.45749923209439
0.78 20.0921054677218 4.25418371340297
0.79 22.1015145892023 4.24671556131572
0.8 23.7903834866852 4.4828852577078
0.81 21.6798505100598 4.5528056713263
0.82 26.3987955077301 4.40082345744977
0.83 14.047115856076 3.92000648221501
0.84 6.82602627393082 3.88474647402577
0.85 10.9586536324101 4.32581074694809
0.86 14.4563386339326 4.20857253800138
0.87 11.4203279833856 3.76251520385334
0.88 8.43593493662009 3.65952587090048
0.89 10.7921077797471 3.78503927076486
0.9 13.432763920974 3.85382498247656
0.91 21.714817310215 4.45278898259287
0.92 36.8159383454367 4.96819695128284
0.93 44.94264915579 4.83352881844537
0.94 45.6644732282611 4.88247024078124
0.95 40.1185698708217 4.7062881418769
0.96 41.7672004892225 5.03903689382718
0.97 41.0680151712488 5.13876202092496
0.98 40.6435162857987 4.72948692561307
0.99 46.0498578783328 4.80305040699467
1 42.3252910989579 4.6903494970642
1.01 48.7546049372993 5.20973550842506
1.02 64.9060993140076 5.66077431748099
1.03 79.8954516899267 5.63169075915583
1.04 91.3797067307625 5.91166228150791
1.05 100.056064355122 6.09427598715177
1.06 103.759141447396 6.55734112055165
1.07 114.862801001956 6.79102713081929
1.08 131.089064517048 6.68195956285524
1.09 149.875364263522 7.03106557107082
1.1 156.328647168429 7.14754624531386
1.11 155.111235856177 7.61612765428361
1.12 170.403042949881 7.94932598876569
1.13 185.597342744572 7.65815890399608
1.14 193.551679928629 7.78811077439478
1.15 194.29910360941 7.79821770369949
1.16 216.391914212023 8.75149143790896
1.17 223.261141010691 8.87649354600145
1.18 208.685706766308 8.02887804718631
1.19 224.10044082135 8.27413762155418
1.2 243.414057185249 8.57816533825614
1.21 255.209945363693 9.37485891109639
1.22 272.447461434513 9.62107319513168
1.23 274.721338256639 9.02315237149774
1.24 282.478790938497 9.13945944564749
1.25 310.554262643273 9.53276275379271
1.26 320.788253353308 10.3441336703949
1.27 312.215159867971 10.2000547903784
1.28 342.683934894554 9.93055088381219
1.29 363.687268826547 10.2025956340516
1.3 364.522949755124 10.2200327278101
1.31 370.470197639295 11.0361388275533
1.32 393.435083383222 11.2931010709629
1.33 416.41245827197 10.8434018144605
1.34 438.615505601657 11.1108148763849
1.35 460.032154809622 11.3578746822718
1.36 499.323173096738 12.6542906801359
1.37 540.808485988535 13.0768513110432
1.38 571.722627775869 12.5467123583392
1.39 593.309386436246 12.7679564431479
1.4 607.716558592455 12.9100534829045
1.41 629.017737690253 14.0652593057894
1.42 637.472980912365 14.112209608448
1.43 666.204824589565 13.4849021775801
1.44 720.090470490016 13.9857373100584
1.45 743.451159211676 14.1986480480133
1.46 734.903755060903 15.1454362423803
1.47 729.553158656191 15.0415287786683
1.48 728.899951483218 14.0651453035201
1.49 745.041160068454 14.2103034943222
1.5 755.267079866647 14.3035245127524
