-0.1 31.0489991699161 3.89965980383296
-0.09 38.378674438269 4.25996085274572
-0.08 30.5116714368883 4.19843430801543
-0.07 21.0748553415053 3.39002107769193
-0.06 20.1787093454073 3.53666504901472
-0.05 16.6666079474518 3.45259758496991
-0.04 55.022740785218 4.38235088799493
-0.03 149.240547296456 7.83591373997089
-0.02 311.680284225314 10.9002943449059
-0.01 456.561693109793 14.0570100639022
0 492.996260605932 14.3767906402743
0.01 481.868445282784 13.2937491391541
0.02 360.262995006495 11.4144958870889
0.03 204.885108929237 8.68921754892209
0.04 121.038297136341 6.57223311149056
0.05 59.7061395221504 5.01248660177662
0.06 35.2402080193678 3.93467793215959
0.07 31.7127220082524 3.42003597754907
0.08 35.3242957405309 3.58248679859126
0.09 27.6360658648592 3.10019839487013
0.1 20.3496558557964 2.99457960346893
0.11 18.6847543014798 2.85672122475789
0.12 24.8726500909086 3.01624386796621
0.13 38.8800148789233 3.76525704395967
0.14 51.1246619318371 4.20149215784514
0.15 52.1196144345803 4.48568343035291
0.16 52.7819360525562 4.52853336550583
0.17 61.862523114356 4.54207532292119
0.18 92.3246017770966 5.45907996378932
0.19 115.978439276529 6.13577301068145
0.2 115.050248825912 6.4562288768182
0.21 112.92037115981 6.36042369979143
0.22 78.2576157869674 4.94044374055282
0.23 34.2294764179417 3.41103578693595
0.24 24.9010693812009 2.88816221369852
0.25 29.6922055580238 3.5011979517904
0.26 24.9811789650744 3.39750033965148
0.27 31.43713261556 3.1894628326036
0.28 38.1597256010199 3.77205123845647
0.29 43.2098038998278 4.03363166126015
0.3 40.1531701088652 3.79765675750037
0.31 32.300119059907 3.39175735391098
0.32 31.5343740428443 3.25414816570349
0.33 43.9793794354287 3.72321736002536
0.34 61.1125367999374 4.26505637154942
0.35 48.5950231930322 4.03918493255462
0.36 22.9425854736174 2.99340065948993
0.37 13.4066964517683 2.31003726976792
0.38 23.1925718152229 2.8413652676264
0.39 46.8466728558453 3.78788016833877
0.4 56.2434629649621 4.3097465067781
0.41 51.2823925267878 4.16907720621799
0.42 49.0738407884152 3.83240404111965
0.43 52.1519127724644 3.98849197627018
0.44 50.3259426181897 3.89821164767067
0.45 36.2054031904356 3.42593344444106
0.46 34.8105712964721 3.48031869670539
0.47 25.3710011633439 3.05658354671233
0.48 9.55656072299842 2.22447677981131
0.49 9.24705940695796 1.98540506382227
0.5 11.6628800040202 2.19149721192607
0.51 6.44580252187126 2.47202377466878
0.52 13.3107525270022 2.53539040389798
0.53 15.1474444454932 2.17152541893705
0.54 13.6833115663191 2.07551962093885
0.55 22.902170806426 2.7573808686465
0.56 13.4451586443384 2.26935013259298
0.57 12.6727355730943 2.45119280479171
0.58 23.5553981709523 2.80379635846707
0.59 30.4959058878174 3.07418527151128
0.6 39.0429574003828 3.78170251285518
0.61 41.0874395210677 3.79816181392721
0.62 27.5690627474162 2.81528824463945
0.63 21.2097933344173 2.58342287366074
0.64 27.7983987918763 2.91191227893951
0.65 27.2037236499587 2.96552975630616
0.66 13.1854521561528 2.20197713561712
0.67 16.8648287899832 2.18430554038034
0.68 18.6750496451751 2.30413523011357
0.69 22.7335553190399 2.5588185848612
0.7 11.6531036975537 2.3471997509598
0.71 4.14891217885924 2.21467873816616
0.72 19.4933205118078 2.77543366608011
0.73 39.8283304535626 3.53364664540924
0.74 31.6323448212093 3.25365664853256
0.75 31.1599570574844 3.18508933262446
0.76 37.8400261412041 3.54821678160628
0.77 39.7168919194855 3.35341874548174
0.78 38.6957706072747 3.25955598748606
0.79 31.0028691352426 2.9792154355366
0.8 46.3113375045601 3.83462445648517
0.81 63.4653007732372 4.37734727630578
0.82 54.083859909957 3.79723699935931
0.83 54.2956260650021 3.86155705842575
0.84 55.1918294933623 3.9213375849511
0.85 45.9835251709842 3.8589548877256
0.86 29.5521631396182 3.31412601636642
0.87 42.1159598280874 3.49355761692427
0.88 51.2728623728299 3.76225729532075
0.89 54.6209007213449 3.85453195367913
0.9 54.3477560761687 3.86449324675619
0.91 61.1241580602721 4.42866902989353
0.92 67.7240061467674 4.60337867098203
0.93 69.7354918207487 4.30917079180532
0.94 87.2041978337307 4.81330949973034
0.95 104.31190118804 5.2655232824633
0.96 127.925079195866 6.23378440879344
0.97 136.509796628734 6.46033867602931
0.98 139.820238213104 6.07343899108782
0.99 154.566759314335 6.39019770992133
1 155.218758109278 6.40808861440667
1.01 151.860905444435 6.77619064209322
1.02 167.609775417312 7.1169694101093
1.03 171.973432492414 6.75438514766569
1.04 175.19770430979 6.79965850574337
1.05 194.387405434019 7.16645362175233
1.06 205.252586050339 7.87182214961337
1.07 201.569053446769 7.84295820814685
1.08 204.217997245422 7.33458951329239
1.09 202.59122688058 7.31173851845298
1.1 209.081876861822 7.42973132195491
1.11 234.834548237365 8.43794037445495
1.12 243.002087424726 8.58857059502271
1.13 246.178281847053 8.05537234875292
1.14 245.884037521311 8.04617668306715
1.15 240.57691946694 7.96851142803251
1.16 245.448108799858 8.63504902366119
1.17 269.050695412403 8.98281761059186
1.18 278.625106926303 8.56429345815344
1.19 280.813700997021 8.6020715072261
1.2 289.327823372294 8.73219511691695
1.21 298.340084954519 9.49118822877312
1.22 310.105918764426 9.66725320624574
1.23 323.749609602593 9.23444460657194
1.24 340.449957953992 9.45925876498619
1.25 353.142185050105 9.63460185578313
1.26 363.576164509815 10.4706727740727
1.27 404.988427807968 11.0047598010012
1.28 431.310403960137 10.6472565615121
1.29 430.703880905419 10.643328281702
1.3 445.2891634309 10.8239390830513
1.31 489.857571166049 12.1876402297548
1.32 526.224485675787 12.5787107083938
1.33 561.37625370851 12.1484523905379
1.34 591.320666957335 12.4690732780847
1.35 620.683495966093 12.7707306071991
1.36 677.941848083059 14.3298805454939
1.37 712.814484838658 14.6330300817773
1.38 744.274635783563 13.9878076286033
1.39 799.087829734375 14.4935073213235
1.4 849.103370819674 14.9387420300839
1.41 860.341826304248 16.1087973688804
1.42 872.09546411675 16.1766581713755
1.43 886.692586348813 15.2652997391364
1.44 912.151603843353 15.4817548031609
1.45 941.271285011059 15.7284937789161
1.46 939.989945906836 16.8567619583336
1.47 948.682751544156 16.8673245004226
1.48 944.892083271646 15.7593872886832
1.49 956.26004419483 15.8547263473298
1.5 966.238676518 15.9386194610131
