-0.1 18.8961022761556 3.32861099524852
-0.09 20.4452237659644 3.45333152257508
-0.08 14.4222615273413 2.83344792196225
-0.07 16.1802161133955 2.83632293287083
-0.06 30.9820495479819 4.11808172753482
-0.05 55.6836192576601 5.1519606634923
-0.04 89.2784667501902 6.05586350623646
-0.03 211.287093503873 9.00038236156829
-0.02 418.071769383027 12.4959760432029
-0.01 573.324903751568 15.7665131695169
0 614.703752180443 16.0605713505729
0.01 581.366955419336 14.6439325626751
0.02 429.659858258336 12.5841573722395
0.03 236.683921546497 9.37519291837103
0.04 129.649339558158 6.91999492540639
0.05 74.9071347043844 5.4968806528482
0.06 40.8507704130785 4.30012338771328
0.07 41.3183475123352 3.99341408690394
0.08 42.4858987648925 3.94991406955542
0.09 36.0946067504345 3.7433364989263
0.1 16.5981946577694 2.76788061075484
0.11 16.2032777008083 2.56621146111166
0.12 46.0418719701893 4.03998004611595
0.13 47.8927451214591 4.12950275761165
0.14 36.8852067196245 3.63318223223894
0.15 34.552511692251 3.66896946098499
0.16 47.3107689103051 4.36070198418119
0.17 62.6320938847833 4.76721576937279
0.18 74.7978632184132 5.05183399841337
0.19 97.0936644227261 5.67270179067731
0.2 121.719064112884 6.80503350224883
0.21 129.871041395376 7.04605753352939
0.22 104.719350952759 5.90964287900669
0.23 64.7841096505431 4.70702312949641
0.24 42.9834458094058 3.97592781094786
0.25 50.1544523145382 4.53427424929118
0.26 46.7938781296091 4.30008493485068
0.27 40.2103507383102 3.68705130267654
0.28 48.0811235772454 3.99119585361691
0.29 42.6396954861659 3.86410118314902
0.3 29.7635306706973 3.55322934721377
0.31 54.5054216007979 4.41072676497475
0.32 79.8587744196432 4.98826395802882
0.33 87.6651432023197 5.19449773479641
0.34 87.3615254235345 5.15158842608984
0.35 63.1995852251108 4.58992048869474
0.36 31.6377972655531 3.49689423018495
0.37 41.7361542888818 3.65084362686288
0.38 54.5856399784744 4.17831622887013
0.39 65.3137504093905 4.49022868910055
0.4 67.8692549802972 4.78007731665634
0.41 70.618552762472 4.89121293714542
0.42 59.1029496178157 4.12496703069951
0.43 32.9299718171805 3.22384643796088
0.44 19.7840689972117 2.70090607003932
0.45 16.8349875853741 2.52797391742973
0.46 12.5045990182207 2.52412665415234
0.47 10.0334834930269 2.31329889788034
0.48 18.8143374944401 2.71521733269625
0.49 14.5712631173948 2.46075827219063
0.5 7.60868379475274 1.82585365470545
0.51 10.931259283386 2.05207845505587
0.52 11.2078455544216 1.9427675762234
0.53 15.3066365919026 2.13090593753474
0.54 21.6581255749176 2.5090367694136
0.55 10.909597558699 2.59806072076665
0.56 15.0483450634213 2.52517338173371
0.57 18.478497743053 2.45559130584222
0.58 18.5358921638716 2.37791832169379
0.59 24.8081305406801 2.79257143726535
0.6 37.1962740707489 3.66072638948758
0.61 29.0858002670884 3.14386095067883
0.62 10.0529708321296 2.36654020752793
0.63 13.8141158631462 2.34904622293656
0.64 25.186738955472 2.77714063415259
0.65 27.1510106626335 3.12780239048687
0.66 17.5722321719804 2.65434655685372
0.67 6.36592976065567 1.96808394090085
0.68 7.74943354533157 1.9134776560439
0.69 8.0590718005838 1.83112260637667
0.7 0.522127689005147 1.29393023970044
0.71 6.12729777919468 1.41054980026979
0.72 8.97791859942584 1.83758154185878
0.73 5.65945411440954 1.71312398365755
0.74 9.66509883029809 1.8650362655786
0.75 22.467178355216 2.71066344872796
0.76 23.1331387281579 2.71213083159982
0.77 16.5665405354645 2.37052845930385
0.78 12.631844678284 2.26745303967257
0.79 25.6221790155529 2.68890615597298
0.8 36.7736524855323 3.37436873994317
0.81 34.8438353325011 3.37383144120204
0.82 32.0137757421894 3.02695720965934
0.83 26.0397659995056 2.71835682278027
0.84 19.2901775638798 2.439761158083
0.85 18.277180097548 2.89176603205474
0.86 24.6523035476488 3.03088760097191
0.87 31.1244567869121 3.18475171379355
0.88 36.2988011665212 3.32672775086347
0.89 39.0398514150107 3.31630878635858
0.9 37.6163203383494 3.35386059820806
0.91 30.9154047998029 3.24316516724217
0.92 40.2328351331142 3.50348733831609
0.93 61.0551037992808 4.05368597467581
0.94 70.1343541161978 4.34977745051685
0.95 79.8762596760672 4.60454791680695
0.96 84.0111398635841 5.00626421826638
0.97 78.3464859390918 4.95825314770943
0.98 77.1578240679896 4.58955516395222
0.99 84.1675751510533 4.73061178090971
1 97.7083913297574 5.06724860188559
1.01 110.87354293153 5.7405429274768
1.02 114.321143012495 5.90062108259474
1.03 139.236284144657 6.07379067545445
1.04 159.669714579659 6.47659979910735
1.05 160.036719587032 6.50167310205974
1.06 157.968412785354 6.9172132609216
1.07 161.704857451706 7.01195056356548
1.08 166.977893082782 6.62085925481855
1.09 197.46002162937 7.16044443882824
1.1 203.491555583701 7.2542154382728
1.11 171.21409513036 7.11030330466015
1.12 182.181715509859 7.34683162392425
1.13 186.278307111228 6.955609038046
1.14 184.464811983714 6.92696476467623
1.15 196.842433365902 7.1569901748419
1.16 213.948441414524 7.98375531854388
1.17 212.081870320332 7.97516316099161
1.18 202.944366500052 7.25555581369235
1.19 211.284900079031 7.39868013628313
1.2 225.553233925752 7.64339713938396
1.21 236.458343499228 8.37219132652952
1.22 246.244451807447 8.55843509476808
1.23 266.457444466605 8.31718777116118
1.24 284.679754974619 8.59850717899341
1.25 291.570527367173 8.69708004317479
1.26 312.995975782574 9.65850336248817
1.27 349.897500368981 10.180689382428
1.28 345.657107094364 9.4591872998721
1.29 339.261999092824 9.37086009642396
1.3 363.763077304794 9.70156630928976
1.31 399.65245567213 10.9337298174499
1.32 429.616045608056 11.2674596012375
1.33 459.982363920781 10.9113263932143
1.34 490.300821096331 11.2649481549988
1.35 531.291520596384 11.7232578250436
1.36 562.991263932917 12.9383636993265
1.37 600.433503635284 13.30342668892
1.38 637.324708748198 12.8352615379899
1.39 656.694204210502 13.0295187062649
1.4 686.586362365355 13.322256341066
1.41 719.571932700257 14.6246751763038
1.42 741.563880353671 14.7967722147636
1.43 756.707216588489 13.9886348321196
1.44 781.157905406899 14.2095837023273
1.45 815.892606985159 14.5287182263062
1.46 839.10516615348 15.8193536025298
1.47 841.668950430278 15.7660886098075
1.48 844.813517476415 14.7787082004208
1.49 862.180144702083 14.9281728166334
1.5 888.73822008977 15.1575229552482
