-0.1 1.63178671758138
-0.0988988988988989 1.64214858239031
-0.0977977977977978 1.6526139091714
-0.0966966966966967 1.66318412901602
-0.0955955955955956 1.67386069850662
-0.0944944944944945 1.68464510027399
-0.0933933933933934 1.69553884356904
-0.0922922922922923 1.70654346484941
-0.0911911911911912 1.71766052838145
-0.0900900900900901 1.72889162685802
-0.088988988988989 1.74023838203255
-0.0878878878878879 1.75170244536982
-0.0867867867867868 1.7632854987142
-0.0856856856856857 1.77498925497553
-0.0845845845845846 1.78681545883345
-0.0834834834834835 1.79876588746077
-0.0823823823823824 1.81084235126617
-0.0812812812812813 1.82304669465727
-0.0801801801801802 1.83538079682429
-0.0790790790790791 1.84784657254527
-0.077977977977978 1.86044597301334
-0.0768768768768769 1.8731809866868
-0.0757757757757758 1.88605364016282
-0.0746746746746747 1.89906599907526
-0.0735735735735736 1.91222016901781
-0.0724724724724725 1.92551829649283
-0.0713713713713714 1.93896256988695
-0.0702702702702703 1.95255522047431
-0.0691691691691692 1.96629852344835
-0.0680680680680681 1.9801947989829
-0.066966966966967 1.99424641332374
-0.0658658658658659 2.00845577991167
-0.0647647647647648 2.02282536053792
-0.0636636636636637 2.03735766653314
-0.0625625625625626 2.05205525999111
-0.0614614614614615 2.06692075502826
-0.0603603603603604 2.08195681908024
-0.0592592592592593 2.09716617423683
-0.0581581581581582 2.11255159861649
-0.0570570570570571 2.12811592778192
-0.055955955955956 2.14386205619789
-0.0548548548548549 2.15979293873317
-0.0537537537537538 2.17591159220767
-0.0526526526526527 2.19222109698665
-0.0515515515515516 2.20872459862355
-0.0504504504504505 2.22542530955321
-0.0493493493493493 2.24232651083716
-0.0482482482482482 2.25943155396293
-0.0471471471471471 2.27674386269934
-0.046046046046046 2.29426693500967
-0.0449449449449449 2.31200434502481
-0.0438438438438438 2.32995974507876
-0.0427427427427427 2.34813686780843
-0.0416416416416416 2.36653952832039
-0.0405405405405405 2.38517162642686
-0.0394394394394394 2.40403714895352
-0.0383383383383383 2.42314017212195
-0.0372372372372372 2.4424848640092
-0.0361361361361361 2.46207548708773
-0.035035035035035 2.48191640084844
-0.0339339339339339 2.50201206451012
-0.0328328328328328 2.52236703981858
-0.0317317317317317 2.54298599393876
-0.0306306306306306 2.56387370244367
-0.0295295295295295 2.58503505240358
-0.0284284284284284 2.60647504557951
-0.0273273273273273 2.62819880172518
-0.0262262262262262 2.65021156200142
-0.0251251251251251 2.67251869250773
-0.024024024024024 2.69512568793547
-0.0229229229229229 2.71803817534752
-0.0218218218218218 2.7412619180896
-0.0207207207207207 2.76480281983844
-0.0196196196196196 2.78866692879219
-0.0185185185185185 2.8128604420093
-0.0174174174174174 2.83738970990132
-0.0163163163163163 2.86226124088652
-0.0152152152152152 2.88748170621051
-0.0141141141141141 2.91305794494105
-0.013013013013013 2.93899696914426
-0.0119119119119119 2.96530596924989
-0.0108108108108108 2.99199231961324
-0.0097097097097097 3.0190635842828
-0.00860860860860861 3.04652752298164
-0.0075075075075075 3.07439209731205
-0.00640640640640641 3.10266547719314
-0.00530530530530531 3.13135604754123
-0.0042042042042042 3.16047241520376
-0.00310310310310311 3.19002341615782
-0.002002002002002 3.22001812298483
-0.000900900900900906 3.25046585263387
0.000200200200200201 3.28137617448604
0.00130130130130131 3.31275891873402
0.0024024024024024 3.3446241850902
0.00350350350350351 3.37698235183893
0.0046046046046046 3.40984408524835
0.00570570570570571 3.44322034935812
0.00680680680680681 3.47712241616057
0.00790790790790791 3.51156187619334
0.00900900900900901 3.54655064956295
0.0101101101101101 3.58210099741923
0.0112112112112112 3.61822553390191
0.0123123123123123 3.65493723858206
0.0134134134134134 3.69224946942164
0.0145145145145145 3.73017597627628
0.0156156156156156 3.76873091496734
0.0167167167167167 3.80792886195115
0.0178178178178178 3.84778482961459
0.0189189189189189 3.88831428222738
0.02002002002002 3.92953315258451
0.0211211211211211 3.97145785937213
0.0222222222222222 4.01410532529401
0.0233233233233233 4.05749299599649
0.0244244244244244 4.10163885983251
0.0255255255255255 4.14656146850767
0.0266266266266266 4.19227995865365
0.0277277277277277 4.23881407437672
0.0288288288288288 4.28618419083264
0.0299299299299299 4.33441133888111
0.031031031031031 4.38351723087715
0.0321321321321321 4.43352428765954
0.0332332332332332 4.48445566680042
0.0343343343343343 4.53633529218382
0.0354354354354355 4.58918788498501
0.0365365365365365 4.64303899612721
0.0376376376376376 4.69791504029654
0.0387387387387387 4.75384333160142
0.0398398398398399 4.81085212096785
0.0409409409409409 4.86897063536769
0.042042042042042 4.92822911898359
0.0431431431431432 4.98865887642001
0.0442442442442443 5.0502923180779
0.0453453453453453 5.1131630078172
0.0464464464464464 5.17730571303983
0.0475475475475476 5.24275645733467
0.0486486486486487 5.30955257583509
0.0497497497497497 5.37773277344948
0.0508508508508509 5.44733718613647
0.051951951951952 5.51840744540732
0.0530530530530531 5.59098674625137
0.0541541541541542 5.66511991869233
0.0552552552552553 5.74085350319914
0.0563563563563564 5.81823583018948
0.0574574574574575 5.8973171038808
0.0585585585585586 5.9781494907617
0.0596596596596597 6.06078721297662
0.0607607607607608 6.14528664693594
0.0618618618618619 6.23170642748732
0.062962962962963 6.3201075580085
0.0640640640640641 6.41055352680665
0.0651651651651652 6.50311043023938
0.0662662662662663 6.59784710300166
0.0673673673673674 6.69483525605724
0.0684684684684685 6.79414962272766
0.0695695695695696 6.89586811349244
0.0706706706706707 7.00007198009472
0.0717717717717718 7.10684598959261
0.0728728728728729 7.21627860904694
0.073973973973974 7.32846220158781
0.0750750750750751 7.44349323466329
0.0761761761761762 7.56147250133476
0.0772772772772773 7.68250535555316
0.0783783783783784 7.8067019624262
0.0794794794794795 7.93417756456656
0.0805805805805806 8.06505276570126
0.0816816816816817 8.19945383281925
0.0827827827827828 8.33751301823785
0.0838838838838839 8.47936890308767
0.084984984984985 8.62516676383674
0.0860860860860861 8.77505896361572
0.0871871871871872 8.92920537025316
0.0882882882882883 9.08777380309601
0.0893893893893894 9.25094051086748
0.0904904904904905 9.41889068301241
0.0915915915915916 9.59181899719389
0.0926926926926927 9.76993020584034
0.0937937937937938 9.95343976489949
0.0948948948948949 10.1425745082389
0.095995995995996 10.3375733714414
0.0970970970970971 10.5386881690827
0.0981981981981982 10.7461844299544
0.0992992992992993 10.9603422950988
0.1004004004004 11.1814574839772
0.101501501501502 11.4098423345807
0.102602602602603 11.6458269238376
0.103703703703704 11.8897602752615
0.104804804804805 12.1420116614413
0.105905905905906 12.4029720096853
0.107007007007007 12.6730554199187
0.108108108108108 12.9527008047964
0.109209209209209 13.2423736629349
0.11031031031031 13.5425679971987
0.111411411411411 13.8538083911125
0.112512512512513 14.176652257698
0.113613613613614 14.5116922763834
0.114714714714715 14.8595590350979
0.115815815815816 15.2209238962483
0.116916916916917 15.5965021069958
0.118018018018018 15.9870561760965
0.119119119119119 16.393399541553
0.12022022022022 16.8164005554322
0.121321321321321 17.2569868144302
0.122422422422422 17.7161498670967
0.123523523523524 18.1949503310247
0.124624624624625 18.6945234557549
0.125725725725726 19.2160851695301
0.126826826826827 19.7609386503414
0.127927927927928 20.3304814637585
0.129029029029029 20.9262133117177
0.13013013013013 21.5497444375343
0.131231231231231 22.2028047326329
0.132332332332332 22.8872535895041
0.133433433433433 23.6050905427492
0.134534534534535 24.35846673517
0.135635635635636 25.1496972379742
0.136736736736737 25.981274242372
0.137837837837838 26.855881122979
0.138938938938939 27.7764073501283
0.14004004004004 28.7459641966887
0.141141141141141 29.7679011432727
0.142242242242242 30.8458228313753
0.143343343343343 31.9836063442295
0.144444444444444 33.185418506895
0.145545545545546 34.4557327868653
0.146646646646647 35.7993452407252
0.147747747747748 37.2213887875656
0.148848848848849 38.7273448927511
0.14994994994995 40.323051513863
0.151051051051051 42.0147058931589
0.152152152152152 43.8088604788634
0.153253253253253 45.7124099252712
0.154354354354354 47.7325667674566
0.155455455455455 49.8768230042315
0.156556556556557 52.1528944734061
0.157657657657658 54.5686445947287
0.158758758758759 57.1319838250682
0.15985985985986 59.8507410632997
0.160960960960961 62.7325033131898
0.162062062062062 65.7844202222152
0.163163163163163 69.01297072709
0.164264264264264 72.423690015924
0.165365365365365 76.0208564176776
0.166466466466466 79.8071396909079
0.167567567567568 83.7832145191776
0.168668668668669 87.9473458071315
0.16976976976977 92.2949555407329
0.170870870870871 96.8181844050985
0.171971971971972 101.505464862799
0.173073073073073 106.341125745316
0.174174174174174 111.305051310066
0.175275275275275 116.372419838114
0.176376376376376 121.513547852454
0.177477477477477 126.693865599055
0.178578578578579 131.874047280377
0.17967967967968 137.010315482207
0.180780780780781 142.054933235426
0.181881881881882 146.956889309163
0.182982982982983 151.662772922567
0.184084084084084 156.117823551654
0.185185185185185 160.26713052251
0.186286286286286 164.056946377618
0.187387387387387 167.436068405317
0.188488488488489 170.35723506177
0.18958958958959 172.778479039545
0.190690690690691 174.664377038098
0.191791791791792 175.98713823099
0.192892892892893 176.727479083687
0.193993993993994 176.875241328966
0.195095095095095 176.429722027846
0.196196196196196 175.3996989421
0.197297297297297 173.803149931572
0.198398398398398 171.666680668418
0.199499499499499 169.024689524956
0.200600600600601 165.918311029552
0.201701701701702 162.394188967863
0.202802802802803 158.503136461634
0.203903903903904 154.298742908354
0.205005005005005 149.835986544257
0.206106106106106 145.169906919323
0.207207207207207 140.354384304073
0.208308308308308 135.441063712669
0.209409409409409 130.478450646242
0.210510510510511 125.51119466684
0.211611611611612 120.579566277153
0.212712712712713 115.719122955324
0.213813813813814 110.960552068856
0.214914914914915 106.329672078556
0.216016016016016 101.847569075169
0.217117117117117 97.530843238014
0.218218218218218 93.3919391032907
0.219319319319319 89.4395343198506
0.22042042042042 85.6789635333695
0.221521521521522 82.1126568356972
0.222622622622623 78.7405755136403
0.223723723723724 75.5606313329197
0.224824824824825 72.569079050309
0.225925925925926 69.7608750693982
0.227027027027027 67.1299980112259
0.228128128128128 64.669729383397
0.229229229229229 62.372894470721
0.23033033033033 60.2320650450044
0.231431431431431 58.2397265369906
0.232532532532533 56.3884129827409
0.233633633633634 54.6708134123609
0.234734734734735 53.0798534554183
0.235835835835836 51.6087558564411
0.236936936936937 50.2510833809336
0.238038038038038 49.0007672947495
0.239139139139139 47.8521242557933
0.24024024024024 46.7998640966166
0.241341341341341 45.8390906212873
0.242442442442442 44.9652972048114
0.243543543543544 44.1743586776561
0.244644644644645 43.4625207064323
0.245745745745746 42.826387646083
0.246846846846847 42.2629096383194
0.247947947947948 41.7693695632742
0.249049049049049 41.343370313314
0.25015015015015 40.9828227461017
0.251251251251251 40.6859345847218
0.252352352352352 40.4512004624392
0.253453453453453 40.2773932552142
0.254554554554555 40.163556803485
0.255655655655656 40.1090000933492
0.256756756756757 40.1132929438181
0.257857857857858 40.176263229279
0.258958958958959 40.2979956528543
0.26006006006006 40.4788320754193
0.261161161161161 40.7193733950776
0.262262262262262 41.0204829614332
0.263363363363363 41.3832914965903
0.264464464464464 41.8092034788209
0.265565565565566 42.2999049236152
0.266666666666667 42.8573724684138
0.267767767767768 43.4838836295504
0.268868868868869 44.182028050347
0.26996996996997 44.9547194951321
0.271071071071071 45.8052082620848
0.272172172172172 46.7370935849279
0.273273273273273 47.7543354661152
0.274374374374374 48.8612652288301
0.275475475475475 50.0625938887461
0.276576576576577 51.3634172267467
0.277677677677678 52.7692161896434
0.278778778778779 54.285850958403
0.27987987987988 55.9195467065073
0.280980980980981 57.6768687328436
0.282082082082082 59.564684307141
0.283183183183183 61.590108231047
0.284284284284284 63.7604288214712
0.285385385385385 66.0830108001563
0.286486486486487 68.5651714683868
0.287587587587588 71.214026610257
0.288688688688689 74.0363028603073
0.28978978978979 77.0381138534445
0.290890890890891 80.2246984076137
0.291991991991992 83.600120325989
0.293093093093093 87.1669311835191
0.294194194194194 90.9257996959875
0.295295295295295 94.8751139375068
0.296396396396396 99.0105657098788
0.297497497497498 103.324729658319
0.298598598598599 107.806653100139
0.2996996996997 112.441475757883
0.300800800800801 117.210101387895
0.301901901901902 122.088945356372
0.303003003003003 127.049783209876
0.304104104104104 132.059724903811
0.305205205205205 137.081337327472
0.306306306306306 142.072933920787
0.307407407407407 146.989044461029
0.308508508508509 151.781070603819
0.30960960960961 156.398123758281
0.310710710710711 160.788031801531
0.311811811811812 164.898490591523
0.312912912912913 168.678325942524
0.314014014014014 172.078822477585
0.315115115115115 175.055068363496
0.316216216216216 177.567260088413
0.317317317317317 179.581909732478
0.318418418418418 181.072898960848
0.31951951951952 182.02232932139
0.320620620620621 182.421127146428
0.321721721721722 182.269372940387
0.322822822822823 181.576338829135
0.323923923923924 180.360232506733
0.325025025025025 178.647661088512
0.326126126126126 176.472842302503
0.327227227227227 173.8766025483
0.328328328328328 170.905210722435
0.329429429429429 167.609102795044
0.330530530530531 164.041554650902
0.331631631631632 160.257359701801
0.332732732732733 156.311563535372
0.333833833833834 152.258300917537
0.334934934934935 148.149771506876
0.336036036036036 144.035380454573
0.337137137137137 139.961059451147
0.338238238238238 135.96877348115
0.339339339339339 132.096209185358
0.34044044044044 128.376632779457
0.341541541541542 124.838899239682
0.342642642642643 121.507590067854
0.343743743743744 118.403254363618
0.344844844844845 115.54272700535
0.345945945945946 112.939498225779
0.347047047047047 110.604110461752
0.348148148148148 108.544560739202
0.349249249249249 106.7666897161
0.35035035035035 105.274541576925
0.351451451451452 104.070682034116
0.352552552552553 103.156464589434
0.353653653653654 102.532237849318
0.354754754754755 102.197489041411
0.355855855855856 102.150920963874
0.356956956956957 102.39046147452
0.358058058058058 102.913206379049
0.359159159159159 103.715298304506
0.36026026026026 104.79174594059
0.361361361361361 106.136189975258
0.362462462462462 107.740624189623
0.363563563563564 109.595082515665
0.364664664664665 111.687305353359
0.365765765765766 114.002400989847
0.366866866866867 116.522520404323
0.367967967967968 119.226565868892
0.369069069069069 122.089955319104
0.37017017017017 125.084465198352
0.371271271271271 128.17817411172
0.372372372372372 131.335527924852
0.373473473473473 134.517543745229
0.374574574574575 137.682165457647
0.375675675675676 140.784777208084
0.376776776776777 143.778873638533
0.377877877877878 146.616877116551
0.378978978978979 149.251083162934
0.38008008008008 151.634706356935
0.381181181181181 153.72299085856
0.382282282282282 155.474343012628
0.383383383383383 156.851438919694
0.384484484484484 157.822257887703
0.385585585585586 158.36099365158
0.386686686686687 158.448799279345
0.387787787787788 158.074328637327
0.388888888888889 157.234046778905
0.38998998998999 155.932293041937
0.391091091091091 154.181093206303
0.392192192192192 151.999729886765
0.393293293293293 149.414092505697
0.394394394394394 146.45583885405
0.395495495495496 143.161408693122
0.396596596596597 139.570935559915
0.397697697697698 135.727105638963
0.398798798798799 131.674012230324
0.3998998998999 127.456051193931
0.401001001001001 123.116897207021
0.402102102102102 118.698593308157
0.403203203203203 114.240777681404
0.404304304304304 109.780062642735
0.405405405405405 105.349571973803
0.406506506506507 100.978634662046
0.407607607607608 96.6926261807095
0.408708708708709 92.5129429631031
0.40980980980981 88.457091828995
0.410910910910911 84.538873807983
0.412012012012012 80.7686409607053
0.413113113113113 77.1536052239307
0.414214214214214 73.6981797460334
0.415315315315315 70.4043353574507
0.416416416416416 67.2719574619748
0.417517517517518 64.2991914885455
0.418618618618619 61.4827678975142
0.41971971971972 58.8183004242756
0.420820820820821 56.3005536493239
0.421921921921922 53.9236780357456
0.423023023023023 51.6814122415912
0.424124124124124 49.5672537967004
0.425225225225225 47.574600156737
0.426326326326326 45.696862752702
0.427427427427427 43.9275569921491
0.428528528528529 42.2603712916357
0.42962962962963 40.6892181798843
0.430730730730731 39.2082703543287
0.431831831831832 37.8119843403467
0.432932932932933 36.4951141254294
0.434034034034034 35.2527168455575
0.435135135135135 34.0801523071866
0.436236236236236 32.9730778487189
0.437337337337337 31.9274397885867
0.438438438438439 30.939462477716
0.43953953953954 30.0056357739368
0.440640640640641 29.1227015845697
0.441741741741742 28.287639979377
0.442842842842843 27.4976552568125
0.443943943943944 26.7501622492594
0.445045045045045 26.0427730747439
0.446146146146146 25.3732844805467
0.447247247247247 24.7396658756108
0.448348348348348 24.1400481111961
0.44944944944945 23.5727130408213
0.450550550550551 23.036083869322
0.451651651651652 22.5287162853351
0.452752752752753 22.0492903604205
0.453853853853854 21.5966031902783
0.454954954954955 21.169562248258
0.456056056056056 20.7671794178341
0.457157157157157 20.3885656683566
0.458258258258258 20.0329263366229
0.459359359359359 19.6995569752418
0.460460460460461 19.3878397269186
0.461561561561562 19.0972401813321
0.462662662662663 18.8273046677956
0.463763763763764 18.5776579320293
0.464864864864865 18.3480011387388
0.465965965965966 18.1381101328903
0.467067067067067 17.9478338812173
0.468168168168168 17.7770930012055
0.469269269269269 17.6258782672416
0.47037037037037 17.4942489625406
0.471471471471472 17.3823309207649
0.472572572572573 17.2903140730227
0.473673673673674 17.2184492845982
0.474774774774775 17.1670442321408
0.475875875875876 17.1364580374807
0.476976976976977 17.1270943407569
0.478078078078078 17.1393924659193
0.479179179179179 17.1738163095109
0.48028028028028 17.2308405734752
0.481381381381381 17.3109339698693
0.482482482482483 17.4145390558098
0.483583583583584 17.5420484170792
0.484684684684685 17.6937770148093
0.485785785785786 17.8699306470366
0.486886886886887 18.0705706595939
0.487987987987988 18.2955752701849
0.489089089089089 18.5445981434614
0.49019019019019 18.8170251668889
0.491291291291291 19.1119307152451
0.492392392392392 19.428035038083
0.493493493493494 19.763664735988
0.494594594594595 20.1167185794686
0.495695695695696 20.4846411366855
0.496796796796797 20.8644067793226
0.497897897897898 21.2525165976609
0.498998998998999 21.6450105492606
0.5001001001001 22.0374967723696
0.501201201201201 22.4251994095103
0.502302302302302 22.8030255184665
0.503403403403404 23.1656507243324
0.504504504504505 23.5076222325026
0.505605605605606 23.8234767398784
0.506706706706707 24.1078697242436
0.507807807807808 24.3557116412335
0.508908908908909 24.5623057962795
0.51001001001001 24.7234821596663
0.511111111111111 24.8357212151935
0.512212212212212 24.8962621133565
0.513313313313313 24.9031899473266
0.514414414414414 24.8554978630252
0.515515515515516 24.7531209021742
0.516616616616617 24.5969398821338
0.517717717717718 24.3887551416248
0.518818818818819 24.1312315190331
0.51991991991992 23.8278173707142
0.521021021021021 23.4826416802647
0.522122122122122 23.1003942737411
0.523223223223223 22.6861947828897
0.524324324324324 22.2454562603997
0.525425425425425 21.7837492501568
0.526526526526527 21.3066716819932
0.527627627627628 20.8197292487305
0.528728728728729 20.3282300047115
0.52982982982983 19.8371958800992
0.530930930930931 19.351292715933
0.532032032032032 18.8747793673582
0.533133133133133 18.4114754609371
0.534234234234234 17.9647465751836
0.535335335335335 17.5375049724478
0.536436436436436 17.1322235583362
0.537537537537538 16.7509604793123
0.538638638638639 16.3953916741309
0.53973973973974 16.0668487449833
0.540840840840841 15.7663596786638
0.541941941941942 15.4946901937744
0.543043043043043 15.2523837852799
0.544144144144144 15.0397988546738
0.545245245245245 14.8571416301136
0.546346346346346 14.7044938799762
0.547447447447448 14.5818346957255
0.548548548548549 14.4890558622423
0.54964964964965 14.4259705475651
0.550750750750751 14.3923152351135
0.551851851851852 14.3877449984287
0.552952952952953 14.4118223909776
0.554054054054054 14.4640004011598
0.555155155155155 14.5436001131089
0.556256256256256 14.6497839220466
0.557357357357357 14.7815253795175
0.558458458458459 14.9375769845065
0.55955955955956 15.1164374814517
0.560660660660661 15.3163204602046
0.561761761761762 15.5351262557585
0.562862862862863 15.7704192929678
0.563963963963964 16.0194130873797
0.565065065065065 16.2789650720259
0.566166166166166 16.5455832492088
0.567267267267267 16.8154463500727
0.568368368368368 17.0844387167226
0.56946946946947 17.3482005076156
0.570570570570571 17.6021930865577
0.571671671671672 17.8417786229594
0.572772772772773 18.0623120534954
0.573873873873874 18.2592426912187
0.574974974974975 18.4282219823496
0.576076076076076 18.5652132693195
0.577177177177177 18.6665989820225
0.578278278278278 18.7292804968578
0.579379379379379 18.7507660069887
0.580480480480481 18.7292421475244
0.581581581581582 18.6636258021144
0.582682682682683 18.5535934446879
0.583783783783784 18.3995864820668
0.584884884884885 18.2027922835739
0.585985985985986 17.9651018262246
0.587087087087087 17.6890460603009
0.588188188188188 17.3777141278408
0.589289289289289 17.0346573771558
0.59039039039039 16.6637836607116
0.591491491491492 16.2692466555812
0.592592592592593 15.8553349037096
0.593693693693694 15.426364955132
0.594794794794795 14.9865824525558
0.595895895895896 14.5400742763589
0.596996996996997 14.090694039518
0.598098098098098 13.6420023486388
0.599199199199199 13.1972223925542
0.6003003003003 12.7592106374784
0.601401401401402 12.3304417387783
0.602502502502503 11.9130062512883
0.603603603603604 11.5086193456933
0.604704704704705 11.1186385176214
0.605805805805806 10.7440881974954
0.606906906906907 10.3856892135533
0.608008008008008 10.0438912032357
0.609109109109109 9.71890628273689
0.61021021021021 9.41074254461698
0.611311311311311 9.119236235088
0.612412412412413 8.8440817457214
0.613513513513514 8.5848588231051
0.614614614614615 8.34105664321089
0.615715715715716 8.11209460798811
0.616816816816817 7.8973398967047
0.617917917917918 7.69612194341551
0.619019019019019 7.50774411631105
0.62012012012012 7.33149294749389
0.621221221221221 7.16664530647679
0.622322322322322 7.0124739310236
0.623423423423423 6.86825172827787
0.624524524524525 6.73325524050595
0.625625625625626 6.60676763590935
0.626726726726727 6.4880815382636
0.627827827827828 6.37650195195293
0.628928928928929 6.27134947371588
0.63003003003003 6.17196391177111
0.631131131131131 6.07770835998538
0.632232232232232 5.98797370275806
0.633333333333333 5.90218345898951
0.634434434434434 5.81979881461513
0.635535535535536 5.74032364628458
0.636636636636637 5.66330930691775
0.637737737737738 5.58835892933447
0.638838838838839 5.5151310081003
0.63993993993994 5.44334204203232
0.641041041041041 5.372768058969
0.642142142142142 5.30324489760314
0.643243243243243 5.23466718445996
0.644344344344344 5.16698601270797
0.645445445445445 5.10020539826105
0.646546546546547 5.03437765245722
0.647647647647648 4.96959786489457
0.648748748748749 4.90599773108004
0.64984984984985 4.84373898492749
0.650950950950951 4.78300670472452
0.652052052052052 4.72400275326127
0.653153153153153 4.6669395899527
0.654254254254254 4.61203465759399
0.655355355355355 4.55950550220074
0.656456456456457 4.50956573488703
0.657557557557558 4.46242189360699
0.658658658658659 4.41827121318357
0.65975975975976 4.37730026714139
0.660860860860861 4.33968440647436
0.661961961961962 4.30558788982097
0.663063063063063 4.27516457700273
0.664164164164164 4.24855904321296
0.665265265265265 4.22590796348569
0.666366366366366 4.2073416152207
0.667467467467468 4.19298534911189
0.668568568568569 4.18296088445976
0.66966966966967 4.17738729235838
0.670770770770771 4.17638153875528
0.671871871871872 4.18005846841001
0.672972972972973 4.18853012029428
0.674074074074074 4.20190427540974
0.675175175175175 4.22028215019808
0.676276276276276 4.24375516388743
0.677377377377377 4.27240072769624
0.678478478478479 4.30627702933641
0.67957957957958 4.34541681915659
0.680680680680681 4.38982024567038
0.681781781781782 4.43944683870583
0.682882882882883 4.4942067977814
0.683983983983984 4.5539518103424
0.685085085085085 4.61846569676379
0.686186186186186 4.68745525282929
0.687287287287287 4.76054173073139
0.688388388388388 4.83725346036437
0.68948948948949 4.91702015684827
0.690590590590591 4.99916948054724
0.691691691691692 5.08292640537912
0.692792792792793 5.16741590411114
0.693893893893894 5.25166937168384
0.694994994994995 5.33463507822464
0.696096096096096 5.41519277451513
0.697197197197197 5.49217237028336
0.698298298298298 5.56437637970348
0.699399399399399 5.63060559233346
0.700500500500501 5.68968719759514
0.701601601601602 5.74050438454126
0.702702702702703 5.78202627383272
0.703803803803804 5.81333693165676
0.704904904904905 5.83366217845166
0.706006006006006 5.84239294655
0.707107107107107 5.83910406198023
0.708208208208208 5.82356752185956
0.709309309309309 5.7957595987952
0.710410410410411 5.75586141053541
0.711511511511512 5.70425292557628
0.712612612612613 5.64150070997917
0.713713713713714 5.56834003353683
0.714814814814815 5.48565222288892
0.715915915915916 5.39443835742349
0.717017017017017 5.29579053847428
0.718118118118118 5.1908620174691
0.719219219219219 5.08083744494869
0.72032032032032 4.96690440656509
0.721421421421422 4.85022725622484
0.722522522522523 4.73192405608419
0.723623623623624 4.61304720573543
0.724724724724725 4.49456810650162
0.725825825825826 4.37736597783369
0.726926926926927 4.26222073535376
0.728028028028028 4.14980966465626
0.729129129129129 4.04070748825988
0.73023023023023 3.93538932794606
0.731331331331331 3.83423601048874
0.732432432432433 3.73754114798065
0.733533533533534 3.64551943902499
0.734634634634635 3.55831567717725
0.735735735735736 3.47601401092566
0.736836836836837 3.39864706815915
0.737937937937938 3.32620463120415
0.739039039039039 3.25864162093868
0.74014014014014 3.19588521631853
0.741241241241241 3.137840996298
0.742342342342342 3.08439804324513
0.743443443443443 3.03543299024848
0.744544544544545 2.99081302972712
0.745645645645646 2.95039792861592
0.746746746746747 2.91404111757149
0.747847847847848 2.88158993970786
0.748948948948949 2.85288515980915
0.75005005005005 2.8277598490057
0.751151151151151 2.80603777337036
0.752252252252252 2.78753142814661
0.753353353353353 2.77203987218397
0.754454454454455 2.75934652892901
0.755555555555556 2.74921712982795
0.756656656656657 2.74139798169292
0.757757757757758 2.73561473970278
0.758858858858859 2.73157186045894
0.75995995995996 2.72895289331106
0.761061061061061 2.72742174186249
0.762162162162162 2.72662499070118
0.763263263263263 2.72619534538715
0.764364364364365 2.72575617798443
0.765465465465466 2.72492710841366
0.766566566566567 2.72333048705659
0.767667667667668 2.7205985805761
0.768768768768769 2.71638120550685
0.76986986986987 2.7103535075719
0.770970970970971 2.70222355325527
0.772072072072072 2.69173938742049
0.773173173173173 2.67869521895657
0.774274274274274 2.66293642621658
0.775375375375375 2.64436312429491
0.776476476476477 2.62293210412674
0.777577577577578 2.5986570345884
0.778678678678679 2.57160690763468
0.77977977977978 2.54190279673915
0.780880880880881 2.50971308408721
0.781981981981982 2.47524738616359
0.783083083083083 2.43874946563135
0.784184184184184 2.40048945620259
0.785285285285285 2.36075574473334
0.786386386386386 2.31984685099427
0.787487487487488 2.27806362211595
0.788588588588589 2.23570201864504
0.78968968968969 2.19304671658015
0.790790790790791 2.15036568937856
0.791891891891892 2.10790587055861
0.792992992992993 2.06588993568421
0.794094094094094 2.0245141860687
0.795195195195195 1.9839474684378
0.796296296296296 1.94433102697845
0.797397397397397 1.90577915756685
0.798498498498499 1.86838051845373
0.7995995995996 1.83219994643496
0.800700700700701 1.79728063110853
0.801801801801802 1.76364651040752
0.802902902902903 1.73130476624491
0.804004004004004 1.7002483178808
0.805105105105105 1.67045823078172
0.806206206206206 1.64190597880833
0.807307307307307 1.61455551640086
0.808408408408408 1.58836513422638
0.80950950950951 1.56328908602677
0.810610610610611 1.53927898595865
0.811711711711712 1.51628498456912
0.812812812812813 1.49425673789198
0.813913913913914 1.47314418827453
0.815015015015015 1.45289817781195
0.816116116116116 1.43347091604599
0.817217217217217 1.41481632323773
0.818318318318318 1.3968902693757
0.81941941941942 1.37965072741073
0.820520520520521 1.36305785724453
0.821621621621622 1.34707403491942
0.822722722722723 1.33166383939238
0.823823823823824 1.31679400731771
0.824924924924925 1.30243336446759
0.826026026026026 1.28855274081853
0.827127127127127 1.27512487493604
0.828228228228228 1.26212431209671
0.829329329329329 1.24952729958474
0.830430430430431 1.23731168177099
0.831531531531532 1.22545679690703
0.832632632632633 1.21394337702373
0.833733733733734 1.20275345189319
0.834834834834835 1.19187025767615
0.835935935935936 1.1812781506178
0.837037037037037 1.1709625259578
0.838138138138138 1.16090974207438
0.839239239239239 1.15110704977579
0.84034034034034 1.14154252657738
0.841441441441442 1.13220501575183
0.842542542542543 1.12308406990796
0.843643643643644 1.11416989883544
0.844744744744745 1.10545332134511
0.845845845845846 1.09692572083494
0.846946946946947 1.08857900431682
0.848048048048048 1.08040556464901
0.849149149149149 1.07239824573085
0.85025025025025 1.06455031042943
0.851351351351351 1.05685541102236
0.852452452452452 1.04930756195497
0.853553553553554 1.04190111472463
0.854654654654655 1.03463073471866
0.855755755755756 1.02749137984586
0.856856856856857 1.02047828081403
0.857957957957958 1.01358692291812
0.859059059059059 1.00681302921432
0.86016016016016 1.00015254496638
0.861261261261261 0.99360162325923
0.862362362362362 0.98715661168469
0.863463463463464 0.980814040011495
0.864564564564565 0.974570608759673
0.865665665665666 0.968423178606178
0.866766766766767 0.962368760554739
0.867867867867868 0.956404506808882
0.868968968968969 0.950527702292035
0.87007007007007 0.944735756763676
0.871171171171171 0.939026197484616
0.872272272272272 0.933396662388594
0.873373373373374 0.927844893720979
0.874474474474475 0.922368732108627
0.875575575575576 0.916966111027971
0.876676676676677 0.911635051641207
0.877777777777778 0.906373657972854
0.878878878878879 0.901180112401286
0.87997997997998 0.896052671442005
0.881081081081081 0.890989661801092
0.882182182182182 0.885989476679289
0.883283283283283 0.88105057230851
0.884384384384384 0.876171464704193
0.885485485485486 0.87135072661805
0.886586586586587 0.866586984677228
0.887687687687688 0.861878916696683
0.888788788788789 0.857225249152924
0.88988988988989 0.852624754807894
0.890990990990991 0.848076250472794
0.892092092092092 0.843578594902436
0.893193193193193 0.839130686811283
0.894294294294294 0.834731463003166
0.895395395395395 0.830379896607092
0.896496496496497 0.826074995412305
0.897597597597598 0.821815800296041
0.898698698698699 0.817601383738149
0.8997997997998 0.813430848416911
0.900900900900901 0.809303325881
0.902002002002002 0.805217975292787
0.903103103103103 0.801173982238519
0.904204204204204 0.797170557601268
0.905305305305305 0.793206936492842
0.906406406406406 0.789282377240994
0.907507507507508 0.785396160428662
0.908608608608609 0.781547587982131
0.90970970970971 0.777735982305182
0.910810810810811 0.773960685456543
0.911911911911912 0.770221058368128
0.913013013013013 0.766516480101698
0.914114114114114 0.762846347141716
0.915215215215215 0.759210072722363
0.916316316316316 0.75560708618679
0.917417417417418 0.752036832376783
0.918518518518519 0.748498771051124
0.91961961961962 0.744992376331146
0.920720720720721 0.741517136171901
0.921821821821822 0.738072551857605
0.922922922922923 0.734658137520053
0.924024024024024 0.731273419678746
0.925125125125125 0.727917936801581
0.926226226226226 0.724591238885073
0.927327327327327 0.72129288705301
0.928428428428428 0.718022453172644
0.92952952952953 0.714779519487493
0.930630630630631 0.711563678265897
0.931731731731732 0.708374531464564
0.932832832832833 0.705211690406296
0.933933933933934 0.70207477547126
0.935035035035035 0.698963415801039
0.936136136136136 0.695877249014931
0.937237237237237 0.692815920937838
0.938338338338338 0.689779085339184
0.93943943943944 0.686766403682373
0.940540540540541 0.683777544884227
0.941641641641642 0.680812185083974
0.942742742742743 0.677870007421322
0.943843843843844 0.674950701823181
0.944944944944945 0.672053964798655
0.946046046046046 0.669179499241908
0.947147147147147 0.666327014242537
0.948248248248248 0.663496224903133
0.949349349349349 0.660686852163691
0.950450450450451 0.657898622632546
0.951551551551552 0.655131268423587
0.952652652652653 0.652384526999433
0.953753753753754 0.64965814102032
0.954854854854855 0.64695185819846
0.955955955955956 0.644265431157631
0.957057057057057 0.641598617297744
0.958158158158158 0.638951178664243
0.959259259259259 0.636322881822055
0.96036036036036 0.633713497733945
0.961461461461461 0.631122801643077
0.962562562562563 0.628550572959621
0.963663663663664 0.625996595151219
0.964764764764765 0.62346065563714
0.965865865865866 0.620942545686033
0.966966966966967 0.61844206031706
0.968068068068068 0.615958998204317
0.969169169169169 0.613493161584405
0.97027027027027 0.611044356167011
0.971371371371372 0.608612391048401
0.972472472472473 0.606197078627686
0.973573573573574 0.603798234525784
0.974674674674675 0.601415677506941
0.975775775775776 0.599049229402749
0.976876876876877 0.596698715038515
0.977977977977978 0.594363962161949
0.979079079079079 0.592044801374054
0.98018018018018 0.589741066062114
0.981281281281281 0.587452592334754
0.982382382382382 0.585179218958953
0.983483483483484 0.582920787298948
0.984584584584585 0.580677141256985
0.985685685685686 0.578448127215801
0.986786786786787 0.576233593982823
0.987887887887888 0.574033392735989
0.988988988988989 0.571847376971159
0.99009009009009 0.56967540245104
0.991191191191191 0.567517327155564
0.992292292292292 0.565373011233716
0.993393393393393 0.563242316956692
0.994494494494495 0.561125108672402
0.995595595595596 0.559021252761235
0.996696696696697 0.556930617593047
0.997797797797798 0.554853073485367
0.998898898898899 0.552788492662717
1 0.550736749217061
