-0.1 13.622122127854 3.06890640479803
-0.09 13.6668104597912 2.69295075231265
-0.08 16.2771958427668 2.780335854602
-0.07 24.3442694865023 3.28998018111136
-0.06 41.907989153648 4.69786532464031
-0.05 72.7736227864659 5.66650262635558
-0.04 39.0921366433633 5.69080183943368
-0.03 193.76637103411 8.84797200152412
-0.02 406.851850190992 12.2869630058147
-0.01 565.468354327409 15.6144983629965
0 635.399233081917 16.2912610790918
0.01 595.946575314583 14.8885074578855
0.02 445.224320712688 12.8839070733235
0.03 267.087845270152 9.95648645877905
0.04 153.513199108732 7.58577426410068
0.05 97.9279003242674 6.32766578347049
0.06 60.8233022298086 5.46569688274948
0.07 31.0390676232385 4.18697485958075
0.08 34.2955399449881 3.97656852584691
0.09 35.1021324123084 3.88646126678469
0.1 22.7565594503113 3.60107624055936
0.11 34.7076516848632 4.25955078542065
0.12 36.7934036531279 4.18253650651852
0.13 33.9370827377788 4.00979627737072
0.14 49.6434752584306 5.07651889280296
0.15 44.447681564581 4.7317782917721
0.16 45.7361179257958 4.87201732323104
0.17 67.4120865143912 5.36834991391276
0.18 77.9981224349318 5.39046207118673
0.19 79.7888141464638 5.48160746780055
0.2 72.9266983565904 5.58534407729279
0.21 84.5453700141826 5.8511238161994
0.22 61.7711145390576 4.91596310298915
0.23 30.6590060733696 3.85598516926337
0.24 31.6244715245566 3.88156726174652
0.25 56.6809455826929 5.14510169827973
0.26 61.5732190571384 5.05164043234821
0.27 35.6103350213858 3.9283878346284
0.28 38.7308547814366 4.1799051854011
0.29 52.4106103705953 4.44112832982763
0.3 65.8604836830713 5.20733417593912
0.31 89.6850360267035 5.96293963962147
0.32 116.267818952385 6.49286792996884
0.33 143.664795351894 7.16761105789997
0.34 148.248490695077 7.2621748281261
0.35 128.891919767068 7.28244083230791
0.36 118.081052375091 6.90058385629716
0.37 122.079094464326 6.54286053636628
0.38 118.58233383205 6.42836477977504
0.39 123.559917821355 6.51177436306605
0.4 130.124189146593 7.09477799939848
0.41 105.395250137376 6.46938673688276
0.42 75.2209048906323 5.11312723224724
0.43 53.8432537318994 4.42614721210473
0.44 52.9830980573664 4.39339930961807
0.45 48.3239255214741 4.38513066299209
0.46 34.0641999875329 3.91618804836558
0.47 16.1178527931147 2.98704996596202
0.48 21.1076608657582 3.09037574956379
0.49 21.9496365893343 3.06001342320711
0.5 19.1734079472833 3.3132569891688
0.51 16.1612323569828 3.79645204696361
0.52 7.43138612054148 3.38216939347305
0.53 34.3697652552218 3.65684829172926
0.54 47.93552782361 4.13412232736897
0.55 48.2972583152383 4.38403195339656
0.56 30.0316259000691 4.19007257129953
0.57 4.70433228105826 3.44880385513053
0.58 25.5509460891847 3.26557340064344
0.59 38.3988683406701 3.64409470636244
0.6 34.7200492650168 3.79417141034793
0.61 18.8034509688693 2.95537264954918
0.62 29.8753003585831 3.21865893723207
0.63 31.8037711585426 3.41303501007819
0.64 16.404734469689 2.55903212881307
0.65 2.97769961318246 1.81124952339555
0.66 2.15424118338927 2.47228979879135
0.67 8.74955171012347 3.3736958065458
0.68 12.3719392932815 3.59230003422515
0.69 5.63928004382059 1.06095503802715
0.7 22.3173578070629 3.38926823151559
0.71 13.6212153650279 2.83752269239916
0.72 3.55090561547365 2.39842697147509
0.73 12.6406816840776 2.22237888836919
0.74 13.3356620356853 2.22029194049038
0.75 4.4400548112967 2.33844680148357
0.76 4.84115049806903 1.84820044948441
0.77 4.81282549605422 2.13811072349504
0.78 13.3686670017906 3.12426152151557
0.79 12.3996871022738 2.60944560460381
0.8 9.69799613721685 2.04221283925812
0.81 11.3442957522225 2.32134086443855
0.82 12.9509124211005 2.25919513586625
0.83 7.34824069420147 1.91606973394848
0.84 0.900248832687645 2.27842313452865
0.85 4.89483979245942 2.01786252572823
0.86 3.66906705925977 2.26735238263098
0.87 0.528851092884006 1.31286998418197
0.88 10.9480337476783 1.835486892265
0.89 11.9145693311357 2.25194931463923
0.9 0.535474797912768 1.73347685285647
0.91 7.86017823430924 2.50429976966206
0.92 7.19927130435255 2.35414112525389
0.93 0.991091195602839 2.09558010908292
0.94 13.2228607639 2.59278490250031
0.95 20.3232810741042 2.76947461019646
0.96 9.41123131147452 2.32260366642194
0.97 3.340601595797 1.46224132155596
0.98 10.4194099044531 1.92697516245192
0.99 20.9324248268252 2.58434533398019
1 22.7474944812276 2.67795089351582
1.01 17.3285335268042 2.76103783635508
1.02 26.1855272839605 3.24346302751571
1.03 40.6735134704506 3.33873741448572
1.04 29.2818566140518 2.90425606894527
1.05 19.8217185873632 2.54913387015456
1.06 33.9041615066468 3.32630152337604
1.07 44.4477894380243 3.96231435674289
1.08 40.7031920519338 3.80098602526412
1.09 46.0319232928257 3.87031219995775
1.1 44.1024291117899 3.50729863826795
1.11 30.8714189699508 3.04543648381121
1.12 29.8341314229894 3.02728070939589
1.13 29.3948705519223 2.92650278396991
1.14 33.7545330567179 3.05289401856
1.15 41.8690088737104 3.35228819736284
1.16 52.5749198279355 4.06857884048263
1.17 59.9748050610002 4.47661599942494
1.18 77.8570922881423 4.58746255620604
1.19 111.736880449768 5.44446554954878
1.2 106.926071315073 5.34490187049831
1.21 119.296568158699 6.10114869115893
1.22 156.546990266504 6.87046443017302
1.23 186.425927281629 6.96814774494563
1.24 220.732822319659 7.58904407195833
1.25 244.077490295524 8.00118950309974
1.26 288.241225209825 9.36167972066509
1.27 325.59028479563 9.84152856084457
1.28 341.691902681437 9.41539357442794
1.29 357.231311713076 9.61879212192578
1.3 373.691342030016 9.82984893257854
1.31 378.408355990353 10.5831049514917
1.32 392.234349300807 10.7475550236969
1.33 419.631797462284 10.4136414269381
1.34 425.842012659986 10.4932318829327
1.35 445.132887353805 10.7210087577544
1.36 468.386161681705 11.7886473874682
1.37 475.697923868106 11.843017263292
1.38 500.026848947647 11.3575196298652
1.39 538.868271632955 11.7789539699063
1.4 550.04729101391 11.9020842163901
1.41 545.67388099204 12.7191144088785
1.42 561.972324814438 12.8784687603792
1.43 578.182520462632 12.2043138118341
1.44 590.470656685259 12.3286224532423
1.45 608.540666367036 12.5116887748411
1.46 620.096032671614 13.5411142443653
1.47 621.597005309377 13.500820430556
1.48 629.490452172041 12.7224498353381
1.49 625.522288312307 12.684621979033
1.5 631.088639497674 12.7398512555374
