-0.1 1.01319425158818
-0.0988988988988989 1.02010623587839
-0.0977977977977978 1.02709130020641
-0.0966966966966967 1.03415050040221
-0.0955955955955956 1.04128491171279
-0.0944944944944945 1.04849562923647
-0.0933933933933934 1.05578376836868
-0.0922922922922923 1.06315046525943
-0.0911911911911912 1.07059687728305
-0.0900900900900901 1.07812418352039
-0.088988988988989 1.08573358525394
-0.0878878878878879 1.0934263064763
-0.0867867867867868 1.1012035944123
-0.0856856856856857 1.1090667200553
-0.0845845845845846 1.11701697871812
-0.0834834834834835 1.12505569059898
-0.0823823823823824 1.13318420136293
-0.0812812812812813 1.14140388273932
-0.0801801801801802 1.14971613313581
-0.0790790790790791 1.15812237826938
-0.077977977977978 1.16662407181498
-0.0768768768768769 1.17522269607221
-0.0757757757757758 1.18391976265093
-0.0746746746746747 1.19271681317604
-0.0735735735735736 1.20161542001235
-0.0724724724724725 1.21061718700994
-0.0713713713713714 1.219723750271
-0.0702702702702703 1.2289367789385
-0.0691691691691692 1.23825797600768
-0.0680680680680681 1.24768907916103
-0.066966966966967 1.25723186162743
-0.0658658658658659 1.26688813306653
-0.0647647647647648 1.27665974047883
-0.0636636636636637 1.28654856914283
-0.0625625625625626 1.29655654357959
-0.0614614614614615 1.3066856285461
-0.0603603603603604 1.31693783005833
-0.0592592592592593 1.32731519644468
-0.0581581581581582 1.33781981943141
-0.0570570570570571 1.34845383526062
-0.055955955955956 1.35921942584236
-0.0548548548548549 1.37011881994169
-0.0537537537537538 1.38115429440224
-0.0526526526526527 1.39232817540726
-0.0515515515515516 1.40364283977979
-0.0504504504504505 1.41510071632305
-0.0493493493493493 1.42670428720271
-0.0482482482482482 1.43845608937238
-0.0471471471471471 1.45035871604402
-0.046046046046046 1.46241481820481
-0.0449449449449449 1.47462710618218
-0.0438438438438438 1.48699835125877
-0.0427427427427427 1.49953138733913
-0.0416416416416416 1.5122291126702
-0.0405405405405405 1.52509449161733
-0.0394394394394394 1.53813055649806
-0.0383383383383383 1.55134040947588
-0.0372372372372372 1.56472722451606
-0.0361361361361361 1.57829424940599
-0.035035035035035 1.59204480784249
-0.0339339339339339 1.60598230158856
-0.0328328328328328 1.62011021270243
-0.0317317317317317 1.63443210584131
-0.0306306306306306 1.64895163064323
-0.0295295295295295 1.66367252418958
-0.0284284284284284 1.67859861355173
-0.0273273273273273 1.69373381842498
-0.0262262262262262 1.70908215385325
-0.0251251251251251 1.72464773304816
-0.024024024024024 1.74043477030623
-0.0229229229229229 1.75644758402812
-0.0218218218218218 1.77269059984414
-0.0207207207207207 1.78916835384996
-0.0196196196196196 1.80588549595763
-0.0185185185185185 1.82284679336598
-0.0174174174174174 1.8400571341557
-0.0163163163163163 1.85752153101407
-0.0152152152152152 1.87524512509488
-0.0141141141141141 1.893233190019
-0.013013013013013 1.9114911360216
-0.0119119119119119 1.93002451425218
-0.0108108108108108 1.94883902123396
-0.0097097097097097 1.96794050348925
-0.00860860860860861 1.98733496233809
-0.0075075075075075 2.00702855887754
-0.00640640640640641 2.02702761914937
-0.00530530530530531 2.04733863950461
-0.0042042042042042 2.06796829217313
-0.00310310310310311 2.08892343104784
-0.002002002002002 2.11021109769248
-0.000900900900900906 2.13183852758333
0.000200200200200201 2.153813156595
0.00130130130130131 2.1761426277417
0.0024024024024024 2.19883479818498
0.00350350350350351 2.22189774652056
0.0046046046046046 2.24533978035687
0.00570570570570571 2.26916944419854
0.00680680680680681 2.29339552764931
0.00790790790790791 2.31802707394884
0.00900900900900901 2.34307338885931
0.0101101101101101 2.36854404991834
0.0112112112112112 2.39444891607522
0.0123123123123123 2.42079813772922
0.0134134134134134 2.44760216718879
0.0145145145145145 2.47487176957224
0.0156156156156156 2.5026180341712
0.0167167167167167 2.53085238629945
0.0178178178178178 2.55958659965094
0.0189189189189189 2.58883280919223
0.02002002002002 2.61860352461577
0.0211211211211211 2.64891164438218
0.0222222222222222 2.67977047038101
0.0233233233233233 2.71119372324164
0.0244244244244244 2.74319555832679
0.0255255255255255 2.77579058244437
0.0266266266266266 2.80899387131411
0.0277277277277277 2.84282098782865
0.0288288288288288 2.87728800114998
0.0299299299299299 2.91241150668586
0.031031031031031 2.94820864699213
0.0321321321321321 2.98469713365066
0.0332332332332332 3.021895270175
0.0343343343343343 3.05982197599926
0.0354354354354355 3.0984968116089
0.0365365365365365 3.13794000487621
0.0376376376376376 3.17817247866631
0.0387387387387387 3.21921587978428
0.0398398398398399 3.26109260933842
0.0409409409409409 3.30382585459869
0.042042042042042 3.34743962243518
0.0431431431431432 3.39195877442656
0.0442442442442443 3.43740906373397
0.0453453453453453 3.48381717384252
0.0464464464464464 3.53121075927861
0.0475475475475476 3.57961848841904
0.0486486486486487 3.62907008851493
0.0497497497497497 3.6795963930619
0.0508508508508509 3.7312293916569
0.051951951951952 3.78400228249127
0.0530530530530531 3.83794952763987
0.0541541541541542 3.89310691131707
0.0552552552552553 3.94951160128209
0.0563563563563564 4.0072022135889
0.0574574574574575 4.06621888088944
0.0585585585585586 4.12660332451346
0.0596596596596597 4.18839893056454
0.0607607607607608 4.2516508302883
0.0618618618618619 4.31640598498809
0.062962962962963 4.38271327578171
0.0640640640640641 4.45062359851674
0.0651651651651652 4.52018996418259
0.0662662662662663 4.59146760518404
0.0673673673673674 4.66451408786825
0.0684684684684685 4.73938943172543
0.0695695695695696 4.81615623571667
0.0706706706706707 4.89487981221578
0.0717717717717718 4.97562832909005
0.0728728728728729 5.058472960485
0.073973973973974 5.1434880469227
0.0750750750750751 5.23075126537062
0.0761761761761762 5.32034380999024
0.0772772772772773 5.41235058433105
0.0783783783783784 5.506860405797
0.0794794794794795 5.60396622327958
0.0805805805805806 5.70376534892443
0.0816816816816817 5.80635970507741
0.0827827827827828 5.91185608754388
0.0838838838838839 6.02036644638754
0.084984984984985 6.13200818559966
0.0860860860860861 6.24690448308179
0.0871871871871872 6.3651846325073
0.0882882882882883 6.48698440876253
0.0893893893893894 6.61244645881425
0.0904904904904905 6.74172072001182
0.0915915915915916 6.87496486800836
0.0926926926926927 7.01234479667703
0.0937937937937938 7.15403513261152
0.0948948948948949 7.30021978702993
0.095995995995996 7.45109254815577
0.0970970970970971 7.60685771742842
0.0981981981981982 7.76773079320037
0.0992992992992993 7.93393920591465
0.1004004004004 8.10572310912359
0.101501501501502 8.28333623111442
0.102602602602603 8.46704679235035
0.103703703703704 8.65713849442432
0.104804804804805 8.85391158675566
0.105905905905906 9.05768401784892
0.107007007007007 9.26879267857627
0.108108108108108 9.48759474565291
0.109209209209209 9.71446913424749
0.11031031031031 9.94981806951878
0.111411411411411 10.1940687877947
0.112512512512513 10.4476753791242
0.113613613613614 10.7111207840348
0.114714714714715 10.9849189585303
0.115815815815816 11.2696172226645
0.116916916916917 11.5657988094364
0.118018018018018 11.8740856322689
0.119119119119119 12.1951412909568
0.12022022022022 12.529674337702
0.121321321321321 12.8784418266778
0.122422422422422 13.2422531724771
0.123523523523524 13.6219743447633
0.124624624624625 14.0185324284445
0.125725725725726 14.432920580653
0.126826826826827 14.8662034177
0.127927927927928 15.319522866859
0.129029029029029 15.7941045192107
0.13013013013013 16.291264520678
0.131231231231231 16.8124170385656
0.132332332332332 17.3590823401092
0.133433433433433 17.9328955173701
0.134534534534535 18.5356158887859
0.135635635635636 19.1691371012132
0.136736736736737 19.8354979466319
0.137837837837838 20.5368938938353
0.138938938938939 21.2756893163166
0.14004004004004 22.054430371709
0.141141141141141 22.8758584539138
0.142242242242242 23.742924094478
0.143343343343343 24.6588011325455
0.144444444444444 25.6269009003007
0.145545545545546 26.6508860803885
0.146646646646647 27.7346837804232
0.147747747747748 28.8824972344844
0.148848848848849 30.0988153797912
0.14994994994995 31.3884193666017
0.151051051051051 32.7563848399548
0.152152152152152 34.2080785840913
0.153253253253253 35.7491478477552
0.154354354354354 37.3855003780103
0.155455455455455 39.1232728931044
0.156556556556557 40.9687854381207
0.157657657657658 42.9284788139262
0.158758758758759 45.0088320805656
0.15985985985986 47.2162570483964
0.160960960960961 49.5569667283525
0.162062062062062 52.036814966761
0.163163163163163 54.6611049928702
0.164264264264264 57.4343654105387
0.165365365365365 60.3600933146235
0.166466466466466 63.4404657396382
0.167567567567568 66.6760225640746
0.168668668668669 70.0653262798963
0.16976976976977 73.6046066368503
0.170870870870871 77.2874009850763
0.171971971971972 81.1042040185266
0.173073073073073 85.0421433698184
0.174174174174174 89.08469988597
0.175275275275275 93.2114931559001
0.176376376376376 97.398153684828
0.177477477477477 101.616302751641
0.178578578578579 105.833659219471
0.17967967967968 110.014289248109
0.180780780780781 114.119009935301
0.181881881881882 118.105951478012
0.182982982982983 121.93127472564
0.184084084084084 125.550032374445
0.185185185185185 128.917153040494
0.186286286286286 131.988518666705
0.187387387387387 134.72209784672
0.188488488488489 137.079091363659
0.18958958958959 139.025042160294
0.190690690690691 140.530860563477
0.191791791791792 141.573717176812
0.192892892892893 142.137760497999
0.193993993993994 142.21462382636
0.195095095095095 141.803695969592
0.196196196196196 140.912141988659
0.197297297297297 139.554672924892
0.198398398398398 137.753076233895
0.199499499499499 135.535530599162
0.200600600600601 132.935739083933
0.201701701701702 129.991922523338
0.202802802802803 126.745720190225
0.203903903903904 123.241046860842
0.205005005005005 119.52295448705
0.206106106106106 115.636543011518
0.207207207207207 111.625958899091
0.208308308308308 107.533512299109
0.209409409409409 103.398935073387
0.210510510510511 99.2587929056775
0.211611611611612 95.1460559836078
0.212712712712713 91.0898248471646
0.213813813813814 87.1152013320113
0.214914914914915 83.2432893567662
0.216016016016016 79.4913067196718
0.217117117117117 75.872787057331
0.218218218218218 72.3978505425149
0.219319319319319 69.0735225461058
0.22042042042042 65.9040810986468
0.221521521521522 62.8914162804843
0.222622622622623 60.035387374503
0.223723723723724 57.3341664878229
0.224824824824825 54.7845601849183
0.225925925925926 52.3823033180351
0.227027027027027 50.1223215833938
0.228128128128128 47.9989613105118
0.229229229229229 46.0061865827655
0.23033033033033 44.1377449967859
0.231431431431431 42.3873042255703
0.232532532532533 40.7485620989566
0.233633633633634 39.2153332064954
0.234734734734735 37.7816151146919
0.235835835835836 36.4416372237668
0.236936936936937 35.1898951139266
0.238038038038038 34.0211729864943
0.239139139139139 32.9305565226125
0.24024024024024 31.9134381859715
0.241341341341341 30.9655167039785
0.242442442442442 30.0827921861887
0.243543543543544 29.2615580872452
0.244644644644645 28.498390998034
0.245745745745746 27.7901390545281
0.246846846846847 27.1339095882802
0.247947947947948 26.527056503923
0.249049049049049 25.9671677547636
0.25015015015015 25.4520531947476
0.251251251251251 24.9797330107545
0.252352352352352 24.5484268804959
0.253453453453453 24.1565439556111
0.254554554554555 23.8026737345034
0.255655655655656 23.4855778629655
0.256756756756757 23.2041828809072
0.257857857857858 22.9575739189888
0.258958958958959 22.7449893383469
0.26006006006006 22.5658162987593
0.261161161161161 22.4195872345502
0.262262262262262 22.3059772123611
0.263363363363363 22.2248021398628
0.264464464464464 22.176017788694
0.265565565565566 22.159719587646
0.266666666666667 22.1761431325237
0.267767767767768 22.225665346312
0.268868868868869 22.3088062062945
0.26996996996997 22.4262309325568
0.271071071071071 22.5787525036757
0.272172172172172 22.7673343291227
0.273273273273273 22.9930928627101
0.274374374374374 23.2572998860012
0.275475475475475 23.5613841238846
0.276576576576577 23.9069317755862
0.277677677677678 24.2956854529203
0.278778778778779 24.7295409139246
0.27987987987988 25.2105408656337
0.280980980980981 25.7408649875517
0.282082082082082 26.3228152021832
0.283183183183183 26.9587950978691
0.284284284284284 27.65128230201
0.285385385385385 28.4027925223483
0.286486486486487 29.2158339362579
0.287587587587588 30.092850631847
0.288688688688689 31.0361539112646
0.28978978978979 32.0478404784374
0.290890890890891 33.1296968725675
0.291991991991992 34.2830899944943
0.293093093093093 35.5088442192588
0.294194194194194 36.8071063998307
0.295295295295295 38.177201036377
0.296396396396396 39.6174789892024
0.297497497497498 41.1251643093218
0.298598598598599 42.6962049859245
0.2996996996997 44.3251345817323
0.300800800800801 46.0049527445216
0.301901901901902 47.7270333319959
0.303003003003003 49.4810692488104
0.304104104104104 51.2550629554102
0.305205205205205 53.0353708727944
0.306306306306306 54.8068085111621
0.307407407407407 56.552821073571
0.308508508508509 58.2557215633175
0.30960960960961 59.8969951525621
0.310710710710711 61.4576649096866
0.311811811811812 62.9187101515917
0.312912912912913 64.2615249471553
0.314014014014014 65.4684009376955
0.315115115115115 66.5230159487543
0.316216216216216 67.410908107328
0.317317317317317 68.1199145575835
0.318418418418418 68.6405545145757
0.31951951951952 68.9663383402751
0.320620620620621 69.0939874932669
0.321721721721722 69.0235544115164
0.322822822822823 68.7584363626975
0.323923923923924 68.3052826952884
0.325025025025025 67.6738003634626
0.326126126126126 66.8764676934104
0.327227227227227 65.9281707535291
0.328328328328328 64.8457800949277
0.329429429429429 63.6476878393317
0.330530530530531 62.3533260096304
0.331631631631632 60.9826866321288
0.332732732732733 59.555862597646
0.333833833833834 58.0926257431864
0.334934934934935 56.6120553595276
0.336036036036036 55.1322266278675
0.337137137137137 53.6699646304042
0.338238238238238 52.2406658342511
0.339339339339339 50.8581855426121
0.34044044044044 49.5347869133341
0.341541541541542 48.2811448719191
0.342642642642643 47.1063966404061
0.343743743743744 46.0182296552524
0.344844844844845 45.0229973000514
0.345945945945946 44.1258530427755
0.347047047047047 43.3308941326262
0.348148148148148 42.641306862341
0.349249249249249 42.0595064265417
0.35035035035035 41.5872655077058
0.351451451451452 41.225826820578
0.352552552552553 40.9759958881741
0.353653653653654 40.8382112765054
0.354754754754755 40.8125903712837
0.355855855855856 40.8989495478008
0.356956956956957 41.0967982891069
0.358058058058058 41.40530748144
0.359159159159159 41.8232527974382
0.36026026026026 42.3489348032991
0.361361361361361 42.9800782247939
0.362462462462462 43.7137136954274
0.363563563563564 44.5460462876559
0.364664664664665 45.4723161737162
0.365765765765766 46.4866578325158
0.366866866866867 47.5819652462686
0.367967967967968 48.7497714275477
0.369069069069069 49.9801512804949
0.37017017017017 51.2616571169882
0.371271271271271 52.5812960093867
0.372372372372372 53.9245574697575
0.373473473473473 55.2754986323588
0.374574574574575 56.6168921530599
0.375675675675676 57.9304394493517
0.376776776776777 59.1970487697749
0.377877877877878 60.3971740455567
0.378978978978979 61.511206741073
0.38008008008008 62.5199092309872
0.381181181181181 63.4048748668089
0.382282282282282 64.148997136086
0.383383383383383 64.7369284241989
0.384484484484484 65.155508074157
0.385585585585586 65.3941398430421
0.386686686686687 65.4451005217973
0.387787787787788 65.3037643619412
0.388888888888889 64.9687318793954
0.38998998998999 64.4418563300348
0.391091091091091 63.7281663498191
0.392192192192192 62.8356885570699
0.393293293293293 61.7751789484576
0.394394394394394 60.5597763313968
0.395495495495496 59.2045945285659
0.396596596596597 57.7262724522494
0.397697697697698 56.1425022630523
0.398798798798799 54.4715556895789
0.3998998998999 52.7318272827427
0.401001001001001 50.9414110850795
0.402102102102102 49.1177241494726
0.403203203203203 47.2771868171401
0.404304304304304 45.4349659451913
0.405405405405405 43.6047836266997
0.406506506506507 41.7987906011552
0.407607607607608 40.0275006883221
0.408708708708709 38.2997803118299
0.40980980980981 36.6228855669593
0.410910910910911 35.0025383301885
0.412012012012012 33.4430325588692
0.413113113113113 31.9473621052391
0.414214214214214 30.517361964796
0.415315315315315 29.153855780019
0.416416416416416 27.8568035129778
0.417517517517518 26.6254443808554
0.418618618618619 25.458431329111
0.41971971971972 24.3539544292856
0.420820820820821 23.3098515837732
0.421921921921922 22.3237057686729
0.423023023023023 21.3929287351547
0.424124124124124 20.5148316201144
0.425225225225225 19.6866832987572
0.426326326326326 18.905757562199
0.427427427427427 18.1693703429456
0.428528528528529 17.4749082620916
0.42962962962963 16.8198497554758
0.430730730730731 16.2017799711423
0.431831831831832 15.6184005338801
0.432932932932933 15.0675351579742
0.434034034034034 14.5471319672481
0.435135135135135 14.0552632598708
0.436236236236236 13.5901233397374
0.437337337337337 13.1500249299806
0.438438438438439 12.7333945892492
0.43953953953954 12.3387674685302
0.440640640640641 11.9647816753668
0.441741741741742 11.6101724526886
0.442842842842843 11.2737663300915
0.443943943943944 10.9544753651235
0.445045045045045 10.6512915597309
0.446146146146146 10.363281511296
0.447247247247247 10.0895813375714
0.448348348348348 9.82939189928546
0.44944944944945 9.58197433240107
0.450550550550551 9.34664589321251
0.451651651651652 9.12277611303643
0.452752752752753 8.9097832546804
0.453853853853854 8.70713105971267
0.454954954954955 8.51432577347713
0.456056056056056 8.33091343349271
0.457157157157157 8.15647740613006
0.458258258258258 7.99063615606245
0.459359359359359 7.83304123279506
0.460460460460461 7.68337545844082
0.461561561561562 7.54135130071855
0.462662662662663 7.40670941478977
0.463763763763764 7.27921733692293
0.464864864864865 7.15866831198191
0.465965965965966 7.04488023528755
0.467067067067067 6.93769468740138
0.468168168168168 6.83697603774959
0.469269269269269 6.74261058966785
0.47037037037037 6.65450573534516
0.471471471471472 6.57258908426011
0.472572572572573 6.49680752305159
0.473673673673674 6.42712615843734
0.474774774774775 6.36352708796328
0.475875875875876 6.30600793631749
0.476976976976977 6.25458008810263
0.478078078078078 6.20926654191545
0.479179179179179 6.17009930609281
0.48028028028028 6.1371162545075
0.481381381381381 6.11035736244881
0.482482482482483 6.08986024917472
0.483583583583584 6.07565496650713
0.484684684684685 6.0677579931783
0.485785785785786 6.0661654236818
0.486886886886887 6.07084537895858
0.487987987987988 6.08172971466003
0.489089089089089 6.09870516052671
0.49019019019019 6.121604090216
0.491291291291291 6.15019519219738
0.492392392392392 6.18417438538931
0.493493493493494 6.22315639310458
0.494594594594595 6.26666744959756
0.495695695695696 6.31413965829276
0.496796796796797 6.3649075425382
0.497897897897898 6.41820732170991
0.498998998998999 6.47317940199552
0.5001001001001 6.52887448836341
0.501201201201201 6.58426360087479
0.502302302302302 6.63825211668027
0.503403403403404 6.68969776450247
0.504504504504505 6.73743228064451
0.505605605605606 6.7802862075129
0.506706706706707 6.81711609292029
0.507807807807808 6.8468331482027
0.508908908908909 6.86843226266726
0.51001001001001 6.88102016672713
0.511111111111111 6.88384149867365
0.512212212212212 6.87630156806149
0.513313313313313 6.85798472401431
0.514414414414414 6.82866742490404
0.515515515515516 6.78832535606316
0.516616616616617 6.73713423817985
0.517717717717718 6.67546429037137
0.518818818818819 6.60386863586835
0.51991991991992 6.52306624176782
0.521021021021021 6.43392024629408
0.522122122122122 6.33741273009342
0.523223223223223 6.23461712018666
0.524324324324324 6.12666947036703
0.525425425425425 6.01473984051392
0.526526526526527 5.90000490592208
0.527627627627628 5.78362277774272
0.528728728728729 5.66671082201832
0.52982982982983 5.55032704453537
0.530930930930931 5.43545537907819
0.532032032032032 5.32299499366382
0.533133133133133 5.21375352651962
0.534234234234234 5.10844399118134
0.535335335335335 5.00768495466018
0.536436436436436 4.91200349695527
0.537537537537538 4.82184040370127
0.538638638638639 4.73755702309828
0.53973973973974 4.65944322813672
0.540840840840841 4.58772595898081
0.541941941941942 4.52257787129033
0.543043043043043 4.46412567759676
0.544144144144144 4.4124578347709
0.545245245245245 4.36763129644453
0.546346346346346 4.32967711166525
0.547447447447448 4.29860470814428
0.548548548548549 4.2744047495851
0.54964964964965 4.25705050226534
0.550750750750751 4.24649768765867
0.551851851851852 4.24268283737394
0.552952952952953 4.24552020624035
0.554054054054054 4.25489734108998
0.555155155155155 4.27066944836393
0.556256256256256 4.29265275408394
0.557357357357357 4.32061710497945
0.558458458458459 4.35427811847162
0.55955955955956 4.39328924931209
0.560660660660661 4.43723419817698
0.561761761761762 4.48562013747138
0.562862862862863 4.53787226614364
0.563963963963964 4.59333022212045
0.565065065065065 4.65124687184637
0.566166166166166 4.71078995594812
0.567267267267267 4.77104699441672
0.568368368368368 4.83103374238416
0.56946946946947 4.88970633996525
0.570570570570571 4.94597712149146
0.571671671671672 4.99873384900176
0.572772772772773 5.04686192353058
0.573873873873874 5.08926891959233
0.574974974974975 5.12491059894963
0.576076076076076 5.15281740516859
0.577177177177177 5.17212033527724
0.578278278278278 5.18207504093238
0.579379379379379 5.18208303657033
0.580480480480481 5.17170898853969
0.581581581581582 5.15069322383419
0.582682682682683 5.11895882058853
0.583783783783784 5.07661291058363
0.584884884884885 5.02394211822128
0.585985985985986 4.96140235996418
0.587087087087087 4.88960351180571
0.588188188188188 4.80928970011063
0.589289289289289 4.72131616660496
0.59039039039039 4.62662378952404
0.591491491491492 4.52621240369404
0.592592592592593 4.4211140522614
0.593693693693694 4.31236722713815
0.594794794794795 4.20099302399752
0.595895895895896 4.08797396434572
0.596996996996997 3.97423603734187
0.598098098098098 3.86063430364505
0.599199199199199 3.74794219768764
0.6003003003003 3.6368444763208
0.601401401401402 3.52793360071177
0.602502502502503 3.4217092112497
0.603603603603604 3.31858026514709
0.604704704704705 3.21886935333551
0.605805805805806 3.12281869442534
0.606906906906907 3.03059731423281
0.608008008008008 2.94230895374073
0.609109109109109 2.85800029988987
0.61021021021021 2.77766919592748
0.611311311311311 2.70127255536782
0.612412412412413 2.62873377105147
0.613513513513514 2.55994947450248
0.614614614614615 2.49479555807187
0.615715715715716 2.433132421569
0.616816816816817 2.37480944547077
0.617917917917918 2.31966872434366
0.619019019019019 2.26754811731813
0.62012012012012 2.21828368816066
0.621221221221221 2.1717116167117
0.622322322322322 2.12766966725725
0.623423423423423 2.08599829879198
0.624524524524525 2.04654149802709
0.625625625625626 2.00914740919174
0.626726726726727 1.97366882584773
0.627827827827828 1.93996359966416
0.628928928928929 1.90789500989314
0.63003003003003 1.87733212561987
0.631131131131131 1.84815018118869
0.632232232232232 1.82023097398206
0.633333333333333 1.79346328340604
0.634434434434434 1.76774330095007
0.635535535535536 1.74297505394157
0.636636636636637 1.71907080044105
0.637737737737738 1.69595136985303
0.638838838838839 1.67354642336446
0.63993993993994 1.65179461021818
0.641041041041041 1.63064359987379
0.642142142142142 1.61004997594232
0.643243243243243 1.58997898491301
0.644344344344344 1.57040414053588
0.645445445445445 1.55130669265784
0.646546546546547 1.53267497671285
0.647647647647648 1.51450366638621
0.648748748748749 1.49679295676277
0.64984984984985 1.47954770822984
0.650950950950951 1.46277658239978
0.652052052052052 1.44649120037471
0.653153153153153 1.43070535097697
0.654254254254254 1.41543427241839
0.655355355355355 1.40069402566956
0.656456456456457 1.38650097194889
0.657557557557558 1.37287136071425
0.658658658658659 1.35982102869844
0.65975975975976 1.34736520521215
0.660860860860861 1.33551841437791
0.661961961961962 1.32429446130017
0.663063063063063 1.31370648646449
0.664164164164164 1.30376707085944
0.665265265265265 1.2944883733278
0.666366366366366 1.28588228133711
0.667467467467468 1.27796055655267
0.668568568568569 1.27073495714119
0.66966966966967 1.2642173194953
0.670770770770771 1.25841958295282
0.671871871871872 1.25335374204421
0.672972972972973 1.24903171184761
0.674074074074074 1.24546509323056
0.675175175175175 1.24266482623359
0.676276276276276 1.24064072176605
0.677377377377377 1.239400864336
0.678478478478479 1.2389508819267
0.67957957957958 1.23929308355416
0.680680680680681 1.24042547064015
0.681781781781782 1.24234063518821
0.682882882882883 1.24502456582154
0.683983983983984 1.24845539186359
0.685085085085085 1.2526021054808
0.686186186186186 1.25742331195747
0.687287287287287 1.26286606775267
0.688388388388388 1.26886487426398
0.68948948948949 1.27534090124794
0.690590590590591 1.28220151663252
0.691691691691692 1.28934019806019
0.692792792792793 1.2966368951261
0.693893893893894 1.30395889939501
0.694994994994995 1.31116226173166
0.696096096096096 1.31809377356334
0.697197197197197 1.32459350122912
0.698298298298298 1.33049783189931
0.699399399399399 1.33564295749778
0.700500500500501 1.33986869182503
0.701601601601602 1.34302248807001
0.702702702702703 1.34496350152739
0.703803803803804 1.34556652778778
0.704904904904905 1.34472564166581
0.706006006006006 1.34235736773185
0.707107107107107 1.33840322975757
0.708208208208208 1.33283155302037
0.709309309309309 1.3256384287057
0.710410410410411 1.31684779129911
0.711511511511512 1.30651060499342
0.712612612612613 1.29470320055247
0.713713713713714 1.28152484654801
0.714814814814815 1.26709467546657
0.715915915915916 1.25154811345175
0.717017017017017 1.23503298072902
0.718118118118118 1.21770543724555
0.719219219219219 1.19972594483381
0.72032032032032 1.1812554041991
0.721421421421422 1.16245160385809
0.722522522522523 1.1434660909385
0.723623623623624 1.12444154287825
0.724724724724725 1.10550968696026
0.725825825825826 1.08678978353189
0.726926926926927 1.06838766058463
0.728028028028028 1.05039526353865
0.729129129129129 1.03289066549904
0.73023023023023 1.01593847031069
0.731331331331331 0.999590533351236
0.732432432432433 0.983886922691043
0.733533533533534 0.968857045260754
0.734634634634635 0.954520868075672
0.735735735735736 0.940890172387303
0.736836836836837 0.927969787912429
0.737937937937938 0.915758764178593
0.739039039039039 0.904251445821517
0.74014014014014 0.893438427850388
0.741241241241241 0.883307375115925
0.742342342342342 0.873843697296522
0.743443443443443 0.8650310766263
0.744544544544545 0.856851850406452
0.745645645645646 0.849287254227962
0.746746746746747 0.842317534994614
0.747847847847848 0.835921945489986
0.748948948948949 0.830078634583309
0.75005005005005 0.824764449381671
0.751151151151151 0.819954667815886
0.752252252252252 0.815622682328878
0.753353353353353 0.811739657476183
0.754454454454455 0.80827418622626
0.755555555555556 0.805191971372965
0.756656656656657 0.802455559497354
0.757757757757758 0.800024155062712
0.758858858858859 0.79785354121599
0.75995995995996 0.795896131452711
0.761061061061061 0.79410117230482
0.762162162162162 0.792415111560408
0.763263263263263 0.790782139286221
0.764364364364365 0.789144900320003
0.765465465465466 0.787445367313707
0.766566566566567 0.785625853374743
0.767667667667668 0.783630133525719
0.768768768768769 0.781404635311433
0.76986986986987 0.778899651663094
0.770970970970971 0.776070524262725
0.772072072072072 0.772878743680788
0.773173173173173 0.769292913836624
0.774274274274274 0.765289532957308
0.775375375375375 0.760853551016508
0.776476476476477 0.755978674180322
0.777577577577578 0.750667399389223
0.778678678678679 0.74493077599641
0.77977977977978 0.73878790538625
0.780880880880881 0.732265202716892
0.781981981981982 0.725395456445072
0.783083083083083 0.718216730331723
0.784184184184184 0.710771158648418
0.785285285285285 0.703103688024863
0.786386386386386 0.695260818789838
0.787487487487488 0.687289395017072
0.788588588588589 0.679235486268893
0.78968968968969 0.671143395870859
0.790790790790791 0.663054821178946
0.791891891891892 0.655008181465473
0.792992992992993 0.647038119451538
0.794094094094094 0.639175173752042
0.795195195195195 0.631445612033768
0.796296296296296 0.623871408817649
0.797397397397397 0.616470347722279
0.798498498498499 0.609256225537101
0.7995995995996 0.602239134698471
0.800700700700701 0.595425801295921
0.801801801801802 0.588819957378955
0.802902902902903 0.582422728762622
0.804004004004004 0.576233022443928
0.805105105105105 0.570247900869356
0.806206206206206 0.564462933408192
0.807307307307307 0.558872518308908
0.808408408408408 0.553470171022308
0.80950950950951 0.548248776990547
0.810610610610611 0.543200808793774
0.811711711711712 0.538318508920107
0.812812812812813 0.533594040408536
0.813913913913914 0.529019608254541
0.815015015015015 0.524587554819959
0.816116116116116 0.520290432609449
0.817217217217217 0.516121057722066
0.818318318318318 0.512072547108083
0.81941941941942 0.508138342501877
0.820520520520521 0.504312223596829
0.821621621621622 0.500588312705359
0.822722722722723 0.49696107282666
0.823823823823824 0.493425300740798
0.824924924924925 0.489976116468985
0.826026026026026 0.486608950191488
0.827127127127127 0.483319527497756
0.828228228228228 0.480103853658293
0.829329329329329 0.476958197452155
0.830430430430431 0.473879074955266
0.831531531531532 0.470863233589841
0.832632632632633 0.467907636650993
0.833733733733734 0.465009448459578
0.834834834834835 0.462166020238235
0.835935935935936 0.459374876767128
0.837037037037037 0.456633703845467
0.838138138138138 0.453940336562099
0.839239239239239 0.45129274836191
0.84034034034034 0.448689040883185
0.841441441441442 0.446127434533133
0.842542542542543 0.44360625976376
0.843643643643644 0.44112394900754
0.844744744744745 0.438679029231051
0.845845845845846 0.436270115064832
0.846946946946947 0.433895902468497
0.848048048048048 0.431555162891626
0.849149149149149 0.429246737892745
0.85025025025025 0.426969534180824
0.851351351351351 0.424722519045813
0.852452452452452 0.422504716147065
0.853553553553554 0.420315201630633
0.854654654654655 0.418153100548615
0.855755755755756 0.416017583555757
0.856856856856857 0.413907863860512
0.857957957957958 0.411823194409584
0.859059059059059 0.409762865286689
0.86016016016016 0.407726201307916
0.861261261261261 0.405712559797479
0.862362362362362 0.403721328529125
0.863463463463464 0.401751923819617
0.864564564564565 0.399803788761943
0.865665665665666 0.39787639158691
0.866766766766767 0.395969224142819
0.867867867867868 0.394081800483706
0.868968968968969 0.392213655557538
0.87007007007007 0.390364343986463
0.871171171171171 0.38853343893183
0.872272272272272 0.386720531037393
0.873373373373374 0.384925227444641
0.874474474474475 0.383147150874681
0.875575575575576 0.381385938771586
0.876676676676677 0.379641242502583
0.877777777777778 0.37791272661076
0.878878878878879 0.376200068116388
0.87997997997998 0.374502955863273
0.881081081081081 0.372821089906799
0.882182182182182 0.371154180940653
0.883283283283283 0.369501949759407
0.884384384384384 0.367864126754411
0.885485485485486 0.366240451440613
0.886586586586587 0.364630672012129
0.887687687687688 0.363034544924562
0.888788788788789 0.361451834502185
0.88988988988989 0.359882312568326
0.890990990990991 0.358325758097327
0.892092092092092 0.356781956886646
0.893193193193193 0.35525070124774
0.894294294294294 0.35373178971449
0.895395395395395 0.352225026767981
0.896496496496497 0.35073022257664
0.897597597597598 0.349247192750637
0.898698698698699 0.34777575810971
0.8997997997998 0.346315744463539
0.900900900900901 0.344866982403855
0.902002002002002 0.343429307107567
0.903103103103103 0.342002558150226
0.904204204204204 0.340586579329175
0.905305305305305 0.339181218495808
0.906406406406406 0.337786327396369
0.907507507507508 0.336401761520796
0.908608608608609 0.335027379959125
0.90970970970971 0.333663045264991
0.910810810810811 0.332308623325839
0.911911911911912 0.33096398323944
0.913013013013013 0.329628997196333
0.914114114114114 0.328303540367887
0.915215215215215 0.326987490799648
0.916316316316316 0.325680729309663
0.917417417417418 0.324383139391517
0.918518518518519 0.323094607121829
0.91961961961962 0.321815021071947
0.920720720720721 0.320544272223617
0.921821821821822 0.319282253888418
0.922922922922923 0.31802886163076
0.924024024024024 0.316783993194252
0.925125125125125 0.315547548431261
0.926226226226226 0.314319429235505
0.927327327327327 0.313099539477504
0.928428428428428 0.311887784942779
0.92952952952953 0.310684073272602
0.930630630630631 0.309488313907233
0.931731731731732 0.308300418031456
0.932832832832833 0.307120298522352
0.933933933933934 0.305947869899168
0.935035035035035 0.304783048275188
0.936136136136136 0.30362575131151
0.937237237237237 0.302475898172634
0.938338338338338 0.301333409483773
0.93943943943944 0.300198207289815
0.940540540540541 0.299070215015848
0.941641641641642 0.297949357429169
0.942742742742743 0.296835560602735
0.943843843843844 0.295728751879956
0.944944944944945 0.294628859840785
0.946046046046046 0.293535814269066
0.947147147147147 0.292449546121027
0.948248248248248 0.291369987494943
0.949349349349349 0.290297071601839
0.950450450450451 0.289230732737259
0.951551551551552 0.28817090625399
0.952652652652653 0.287117528535761
0.953753753753754 0.28607053697181
0.954854854854855 0.285029869932349
0.955955955955956 0.283995466744845
0.957057057057057 0.282967267671068
0.958158158158158 0.28194521388495
0.959259259259259 0.280929247451128
0.96036036036036 0.279919311304211
0.961461461461461 0.278915349228699
0.962562562562563 0.277917305839561
0.963663663663664 0.276925126563428
0.964764764764765 0.275938757620366
0.965865865865866 0.274958146006222
0.966966966966967 0.273983239475536
0.968068068068068 0.273013986524951
0.969169169169169 0.272050336377141
0.97027027027027 0.271092238965226
0.971371371371372 0.270139644917654
0.972472472472473 0.269192505543518
0.973573573573574 0.268250772818335
0.974674674674675 0.267314399370203
0.975775775775776 0.266383338466396
0.976876876876877 0.265457544000318
0.977977977977978 0.264536970478843
0.979079079079079 0.263621573010004
0.98018018018018 0.262711307291037
0.981281281281281 0.261806129596754
0.982382382382382 0.260905996768232
0.983483483483484 0.260010866201824
0.984584584584585 0.259120695838453
0.985685685685686 0.25823544415321
0.986786786786787 0.25735507014522
0.987887887887888 0.256479533327785
0.988988988988989 0.255608793718778
0.99009009009009 0.254742811831294
0.991191191191191 0.25388154866455
0.992292292292292 0.253024965694999
0.993393393393393 0.252173024867698
0.994494494494495 0.251325688587872
0.995595595595596 0.250482919712698
0.996696696696697 0.249644681543309
0.997797797797798 0.248810937816966
0.998898898898899 0.247981652699455
1 0.247156790777644
