-0.1 19.6115744219713 3.23070383166106
-0.09 26.7616147459623 3.43057834302384
-0.08 33.8120508188129 3.80264787379877
-0.07 28.7032789487273 3.58586837550504
-0.06 40.7686890957603 4.35845103789772
-0.05 72.9915970143814 5.54888860690436
-0.04 87.9904682020222 5.86181007186789
-0.03 173.586828612387 7.97746230736055
-0.02 341.373086249097 11.2312502009908
-0.01 501.181000570302 14.7289288870147
0 598.57964298537 15.8013647246094
0.01 613.361636980848 15.0682204118291
0.02 492.618838748291 13.5455766975799
0.03 301.797296701028 10.6622949580769
0.04 171.13223165268 8.09731036327455
0.05 101.846977723719 6.60926850730878
0.06 68.2444827204857 5.56641768493689
0.07 47.2071294439695 4.37634960956216
0.08 23.8410416632466 3.64320775500879
0.09 16.927951006696 3.61410647296873
0.1 42.0467667061277 4.54466509259088
0.11 52.4161724831959 4.89481354297062
0.12 40.7868363763933 4.10720793300762
0.13 49.8513812203067 4.39823232741081
0.14 56.1894422822764 4.59555702519352
0.15 54.1075385223114 4.899229830655
0.16 59.6265072858563 5.32505240579767
0.17 55.8474275565941 4.88757779588208
0.18 60.3357374172133 5.01294005494477
0.19 85.3685230177008 5.73488370480799
0.2 97.3397861094256 6.37153833035711
0.21 77.6966242895724 5.86607659909725
0.22 58.6858824485665 4.95100806502955
0.23 39.6134311292441 4.36309343365973
0.24 37.9681266123719 4.57662551774185
0.25 56.6337664077898 5.44204437181497
0.26 61.9462409624919 5.23304921085835
0.27 74.9009631708957 5.34396837882512
0.28 63.8941757106184 5.24066370284732
0.29 50.9724346425277 4.92027625498557
0.3 95.5334411727016 6.43131384013135
0.31 115.560444710605 7.07785367343583
0.32 132.248731499479 7.03172384101506
0.33 158.398389431483 7.60756369259821
0.34 182.661311763447 8.16397164566116
0.35 196.135122827286 9.06080378925797
0.36 193.115983659789 8.95290088185844
0.37 176.975533843908 8.04737435503999
0.38 161.885081165838 7.69367241595534
0.39 166.293774704953 7.7544630166036
0.4 168.254065179923 8.29756949128145
0.41 160.86900428683 8.12215148531562
0.42 126.613184680255 6.72420230595255
0.43 95.944292267261 5.92896674596845
0.44 87.5754573062728 5.64942712658546
0.45 71.7324588344417 5.42940464331275
0.46 46.172681358517 4.32300426864486
0.47 24.5276939350513 3.20292188535681
0.48 20.7071548739623 3.05501104164642
0.49 21.9359685107081 3.05661842335902
0.5 28.2494283415318 3.67550530095276
0.51 25.4194212612002 3.48377496136186
0.52 22.1935080162608 3.04817282578999
0.53 26.880157957299 3.39972828044076
0.54 37.4608660555214 3.84944162899304
0.55 51.9160623308388 4.7297516947351
0.56 70.8733279938924 5.39771715975288
0.57 71.5518942754859 4.96789641728132
0.58 49.8522830576256 4.40618831200726
0.59 45.1143278327019 4.364372560299
0.6 54.3642077688523 4.68507479752303
0.61 38.3607497366778 4.02991405766404
0.62 34.2126193716326 3.55518160659227
0.63 19.8998248061196 3.11494247261146
0.64 1.83080481446678 2.55786114963128
0.65 7.42243809122012 2.72048650108997
0.66 15.9439836505283 3.15763324651842
0.67 6.31544680554011 1.84506226378956
0.68 3.56394301574249 1.37989527096219
0.69 3.64639720999681 1.49708788841836
0.7 20.4591383812441 2.91234684300506
0.71 34.8632406863263 4.01119381736851
0.72 17.5628238240947 2.55347314624764
0.73 11.4835236768836 2.07517373313939
0.74 18.5447167783516 2.66601944316714
0.75 23.1013043877438 3.27329633951823
0.76 18.9890233876243 3.2213234311636
0.77 13.2140586353255 2.65558739948234
0.78 10.6744839494227 2.55384402268965
0.79 12.6493269430575 2.62203180852274
0.8 17.4234240602889 2.83826590582211
0.81 12.6463288424321 2.46682983688939
0.82 20.4689764956333 2.67571173884641
0.83 16.1269230774882 2.30878535244984
0.84 2.995616240144 1.80564104035342
0.85 12.3938254154932 2.67003618190364
0.86 24.6774965597643 3.24915215050913
0.87 18.0731974517559 2.93363744078906
0.88 13.3768864539686 2.49032305392482
0.89 21.5545134044124 3.2222847673826
0.9 21.9566657796886 3.0640572424038
0.91 29.9871759038959 4.33049885170151
0.92 33.4025602851779 5.66695659447844
0.93 17.9805330191186 2.50991292865908
0.94 30.6214663719338 3.14638407525475
0.95 29.3875180985814 3.06955899797875
0.96 24.2370211080498 2.83805177804329
0.97 25.2681164050059 2.86214101775267
0.98 16.9188074190978 2.76954422119858
0.99 7.34040317459326 2.50298229909343
1 10.9966452530148 2.16060611057611
1.01 20.9880146864578 2.89805406654359
1.02 24.8935957218082 3.09681496058054
1.03 21.3227741843926 2.65891179587066
1.04 25.6752621188468 2.88636218974677
1.05 41.5101471226322 3.53204014128971
1.06 42.2380176369004 3.57174978342529
1.07 19.7940204712158 2.74697258095996
1.08 13.522446685512 2.5165112960781
1.09 8.63002722046522 2.04726095021385
1.1 16.8477672781153 2.82236799390636
1.11 18.6051349624088 3.04951962415406
1.12 12.320967505223 2.25796243560919
1.13 9.18901627694399 1.89548873916976
1.14 4.27399788947269 1.43174118517824
1.15 13.3599952565392 2.07282292093368
1.16 18.9152982079216 2.84641100998178
1.17 18.3171612366022 2.65610388008438
1.18 18.7744426949369 2.53996966110982
1.19 14.8416416201543 2.52900707833982
1.2 23.4936639843535 2.75266974241044
1.21 31.6266774865367 3.17289942804195
1.22 37.6739426226739 3.36315412467341
1.23 39.3206627643449 3.40303847347341
1.24 26.3819148065462 2.89853216992089
1.25 31.9630650137905 3.00137028634932
1.26 50.0117784240735 4.04282492443555
1.27 35.7095139875168 3.54475842392595
1.28 29.9236330181362 3.00602345214832
1.29 44.3966486263716 3.54640762273664
1.3 59.3823468810564 4.09845206786918
1.31 59.1706968581284 4.29181663679854
1.32 60.8568197029017 4.35622947986989
1.33 84.8198258678183 4.79056036152142
1.34 105.281664811899 5.32007594085728
1.35 119.027861010732 5.64347949366989
1.36 124.488113421058 6.15732222930624
1.37 142.43348163871 6.54047945315632
1.38 173.538736900111 6.80266806045753
1.39 195.880864762627 7.20713371361077
1.4 227.616906582229 7.72208698026358
1.41 260.436064218966 8.85264300748771
1.42 269.094982957619 8.96706088731132
1.43 313.331549603974 9.04753583543778
1.44 370.305127782016 9.82923162736076
1.45 408.347481849642 10.3177058159826
1.46 436.68623972849 11.4579046411428
1.47 473.758084997251 11.8325602355103
1.48 474.584920013025 11.0931152317382
1.49 477.357936941508 11.1220518057277
1.5 493.623528232441 11.3093537607368
