-0.1 8.54231951095355 3.15121873860397
-0.09 13.5947122297527 4.00190539348716
-0.08 19.7341079587428 2.9839391735835
-0.07 19.2616231239029 3.15288602699835
-0.06 9.87654523895511 2.81841161885822
-0.05 14.6854215163144 2.95711430813392
-0.04 12.1342926205784 2.28841891424854
-0.03 27.3219953481472 3.18620538501415
-0.02 44.3522944121253 4.3560005117436
-0.01 58.6432551027643 5.25846771986865
0 75.1194836126556 5.69521581447496
0.01 46.3074139090279 4.52990773232105
0.02 54.5108623463296 4.85112489030343
0.03 72.0831407020556 5.37783064530015
0.04 57.5122258729348 4.73047314215182
0.05 27.6924636230162 3.64339497868996
0.06 17.3384547323623 3.37886747880602
0.07 15.8064081937474 2.99454178811003
0.08 12.8862590911594 2.88202059169352
0.09 25.9709865339591 3.67201927772379
0.1 28.5483561750763 4.30987865715032
0.11 23.8517806369076 4.46272234160021
0.12 38.9879320146409 4.11938191039214
0.13 35.6818323897664 3.80211311617561
0.14 17.0156169090777 3.14919814541414
0.15 12.1775040573009 3.29300121320432
0.16 28.2520454214364 3.64221280979985
0.17 23.7398419604993 3.19490597796232
0.18 27.7606510898061 3.58153847310915
0.19 26.9498594925555 3.56935302985137
0.2 14.8486234247629 3.33867120783225
0.21 18.37169844106 3.35722409437915
0.22 32.888798300242 3.66106142947883
0.23 35.8341534644877 3.9547878276607
0.24 28.4072970445604 3.5386086592493
0.25 25.527228821279 3.77506224619266
0.26 34.8201577770889 4.35915722147317
0.27 29.3579044603343 3.44261372503727
0.28 7.29376185469883 2.64083746549264
0.29 1.57912716852855 3.2025983860137
0.3 3.30219567152285 3.4356912763401
0.31 9.3906538159413 2.98115500357717
0.32 20.1880601523298 3.20933694491862
0.33 13.6291388902802 2.57376369183392
0.34 11.1456977066079 2.35765375487258
0.35 28.9061095076109 3.98859833906219
0.36 55.0228936229746 5.23567217967299
0.37 67.401327141255 5.35367216594638
0.38 63.3150999587662 5.00451997236028
0.39 49.2529126678022 4.61195275748772
0.4 45.9824383513896 4.84256526482124
0.41 52.149521378262 4.92517347445601
0.42 36.3564921323208 3.89672886739084
0.43 16.707437074988 2.93750714398805
0.44 8.90722825369703 2.61850549887815
0.45 17.6368791865279 3.1302269025864
0.46 13.5617264948687 2.88918777556293
0.47 7.82286770413827 2.25017417586916
0.48 12.3292817345133 2.58172716370623
0.49 16.5282549951703 3.24474115128209
0.5 9.90880946575228 2.93702742988507
0.51 0.233375863484359 1.49877106562633
0.52 32.4445893628758 3.91237571651215
0.53 27.4071512431768 3.47670378142821
0.54 17.5860813482783 2.79152634593745
0.55 30.7025739036392 4.00963145381819
0.56 21.868212468568 3.76780225353053
0.57 6.927289257937 2.9038085801005
0.58 17.9095669243696 3.35880087515493
0.59 18.6424756764732 3.46713896413987
0.6 7.61312574979205 3.26284744309365
0.61 9.88962633091944 3.16349774609361
0.62 20.5719192377643 3.32345834969446
0.63 19.3957897973593 3.05287284326988
0.64 11.4951502968415 2.54186400331021
0.65 5.55045372606071 1.90329555804463
0.66 8.24632620426088 2.48476978506129
0.67 10.0447650619412 2.6739970713094
0.68 27.9508483191203 4.3475145854791
0.69 33.6902315242542 5.16545613928186
0.7 9.90068937369099 2.7373059413321
0.71 3.45485065537933 1.70299722928846
0.72 7.12202926951071 2.75246244495249
0.73 6.5531885012993 2.40017837141326
0.74 19.2640398162722 3.25732774041813
0.75 22.1380716510603 3.49407442570048
0.76 8.05761622791891 2.00939847488427
0.77 5.37400435947863 2.08251058350206
0.78 17.1393130629517 4.49508831257799
0.79 29.8765745828456 6.89378618119114
0.8 6.72889340119758 2.86033597430114
0.81 7.61262104857216 2.67794317165098
0.82 8.34947600523844 2.60685331227077
0.83 5.52876141054343 2.21639987149982
0.84 3.80889808513578 1.79101719751509
0.85 10.1575651292634 3.20433508045525
0.86 23.6336481088948 5.92059919366157
0.87 26.6206824865489 6.46087617106949
0.88 15.1183119433729 4.41886082930725
0.89 12.4306725559573 3.49576887361098
0.9 11.4129964660407 3.04135575987606
0.91 22.666501625922 4.42929271193297
0.92 50.1532157797607 6.44817983381759
0.93 15.6567882385946 3.27477015423443
0.94 10.4401874086078 2.59526242656462
0.95 7.45528370667689 2.45853866821831
0.96 11.3510923477365 3.26538474621752
0.97 11.8537448362661 4.72983150560001
0.98 8.95169155620885 3.68288982626196
0.99 6.13698302376913 2.48622152196268
1 12.3202108807189 2.63922082898621
1.01 31.0671024717241 4.62887310266356
1.02 25.0090643914757 4.26041331841391
1.03 12.8444068066726 3.49996328684281
1.04 6.76166504146745 2.98352532316935
1.05 4.36564179412335 2.44368753757318
1.06 22.106148651001 3.6828360828743
1.07 20.5570532753126 3.51831611867535
1.08 7.5520928599096 2.74673418429843
1.09 17.2883734979495 4.21730369099946
1.1 19.2109636994555 4.22550222839262
1.11 4.67415273182754 2.93715991139224
1.12 4.50858148884343 2.94474300582965
1.13 1.35722290321801 1.41965841303922
1.14 9.46353984038039 2.75203638908768
1.15 24.733638212929 5.00335032017423
1.16 22.026591121021 4.95901006914421
1.17 11.4413906529954 3.75215888986469
1.18 7.53777461210723 2.85331828825804
1.19 12.8371164947359 3.28212785174134
1.2 14.7829912451419 3.31284505263932
1.21 4.29127920967877 1.93706006548115
1.22 3.98145850092894 2.00055575595051
1.23 12.0863178832983 3.54356078404419
1.24 16.5170283861366 3.56523074369394
1.25 22.2208751385633 3.61528215374203
1.26 24.2818802021559 4.29857987206123
1.27 16.1431803318357 3.73370645012696
1.28 14.9462664890174 3.2567089381333
1.29 16.2162904371595 4.49602388995481
1.3 24.3641716526626 5.16981326356957
1.31 29.6237453854892 4.76921049970173
1.32 23.2465448467629 3.95386001276048
1.33 30.1422979508253 4.26553883170856
1.34 23.5901082971257 3.9077272533451
1.35 34.1861887539867 7.02324687949482
1.36 17.7289310740516 5.19362041781581
1.37 5.89653139857312 2.83416116703474
1.38 36.5335764791551 4.73464615460118
1.39 28.1592215960012 4.09532633728429
1.4 24.7108600432818 3.59039517612145
1.41 39.3914274357671 5.07568139640631
1.42 18.5024472124798 4.22911788366734
1.43 11.7463223876691 3.15612886364551
1.44 18.3322869675449 3.53662787548763
1.45 28.7037168018766 4.22768069655431
1.46 27.089241722166 3.9710040868771
1.47 7.96552340161101 3.29592072870077
1.48 20.1159242748818 4.15074287483369
1.49 24.4180000630582 4.35415213012576
1.5 14.3592848915278 3.1900850972691
