-0.1 1.72400680813172 3.72369413214555
-0.09 5.9186871143952 2.75020583913786
-0.08 9.76495444238447 2.62657421682303
-0.07 20.6864885702817 2.92868524526676
-0.06 37.5627056469914 4.18652020799261
-0.05 49.7809230985143 4.88046241615472
-0.04 55.7320675298603 4.94732097876922
-0.03 114.662550367433 6.77694981036805
-0.02 197.792585411354 8.69744580676511
-0.01 245.195375852724 10.2663567312781
0 278.710352852952 10.7983380145777
0.01 248.593886316091 9.72504234001793
0.02 156.197292494332 7.93902433260612
0.03 82.7570065385434 5.97276877193669
0.04 49.5528752436556 4.66299786360046
0.05 23.4226295843331 3.88260141166716
0.06 23.3214429424966 3.61606714542645
0.07 37.7991992980176 4.30846776004133
0.08 41.8870257500997 4.35666628720202
0.09 47.3293559046072 4.3757047977559
0.1 45.1187941148027 4.3286993781293
0.11 33.0369625639813 3.88722108583961
0.12 51.9181170673672 4.6663951395202
0.13 33.9024544991299 4.07338901759453
0.14 9.08569264657635 3.15722324731729
0.15 5.44458785383631 2.84219712542791
0.16 27.6813441345012 4.08635775065296
0.17 117.628937924964 6.90559493411766
0.18 179.248374017462 8.6507871162943
0.19 180.669872913054 8.76791865278786
0.2 172.992080936612 9.07767145318318
0.21 139.154413559371 8.63725777284452
0.22 75.7947774525621 6.29899660367368
0.23 55.857166433365 5.16425309902211
0.24 66.0598777394816 5.40127111018813
0.25 69.3715604797166 5.87586703655994
0.26 71.103150948277 6.12731846545694
0.27 78.4016121322949 6.03052226579388
0.28 66.6587076625455 5.79124807953155
0.29 44.7258135110194 5.23167580757522
0.3 87.8326871120599 6.68020809025554
0.31 115.236383751568 7.68645742131929
0.32 114.992061088451 7.17148965483624
0.33 151.117998580472 8.23210122834505
0.34 188.938059641864 9.28905782697138
0.35 259.356714625601 11.6973092894622
0.36 341.793909224148 13.2773420162492
0.37 380.845898274339 13.1649152800588
0.38 383.750541499349 13.1949018631477
0.39 331.475767107138 12.2753698477345
0.4 255.750029008868 11.4614305433333
0.41 157.182848400772 9.23439777888962
0.42 76.8570597645685 6.22464660097672
0.43 73.3201580101063 6.02645007321148
0.44 45.9065832759935 4.83267469160711
0.45 18.6315450787498 4.10491032065215
0.46 14.4782661416124 4.28879747571423
0.47 8.11189560012586 3.2695722753301
0.48 25.1249003473478 3.79042867999658
0.49 40.0163322599997 4.79801850554036
0.5 48.5807809657266 5.16907005812955
0.51 51.6803774563346 5.28339313258291
0.52 38.0518369637901 4.49838565802268
0.53 58.5905448316996 5.33889055880392
0.54 93.7353214401633 6.65169267916689
0.55 114.709803907013 7.84622089707843
0.56 100.937998764491 7.39131189826127
0.57 83.8395727818051 6.30460102412669
0.58 95.4695983378458 6.61465712983412
0.59 93.0694724197175 6.55086244085535
0.6 57.4043930854078 5.72600838278381
0.61 34.1214084141729 4.7263098875385
0.62 19.463421104753 3.91357992030342
0.63 1.09593340009118 3.31327997560513
0.64 4.66498862547461 2.52200618798457
0.65 7.8718977604517 2.88516753250347
0.66 12.8968573328753 3.00342665528745
0.67 7.25079802777174 2.41261069473133
0.68 4.61255857638063 2.56449850085074
0.69 14.8092018590022 3.83116231034522
0.7 19.2349855800157 4.20833630675674
0.71 5.95332640180326 2.51783895581753
0.72 14.0831572700121 2.79453449253479
0.73 40.0369726169648 4.1271237566438
0.74 33.8473315377113 4.51511891841636
0.75 28.1142563881527 4.71612344511213
0.76 62.6561388667168 6.25092410997755
0.77 36.9731595043574 4.18710685838334
0.78 12.0999056942349 2.57943601959528
0.79 6.95911004435147 2.65816511791551
0.8 15.7144326047037 4.0555690527508
0.81 14.3493551565045 3.34152742415028
0.82 5.25244248353886 1.76768920175464
0.83 4.69282495673299 1.54941695308987
0.84 14.6992058867787 2.72796632365318
0.85 23.062676203267 3.97822454324784
0.86 10.8139184356586 3.14484757490492
0.87 6.68112067739068 3.29917027529159
0.88 15.0301940493177 3.20168031130589
0.89 6.99465946563047 1.64280245275924
0.9 2.9105045459061 1.88436244451395
0.91 7.87846047765054 3.22934796132594
0.92 7.32700782382619 3.54125584487184
0.93 12.2533202889737 3.35266521684705
0.94 16.4299728671313 3.57958117378631
0.95 6.02458327418201 2.83852447327544
0.96 5.06131334687731 2.2913184034793
0.97 5.81470334598695 2.6120175280572
0.98 5.15530280476724 2.47955083954975
0.99 6.37948902061732 2.62348754634586
1 3.08656239498926 2.58677970008761
1.01 16.6794781666477 3.39386172156636
1.02 25.5724485794994 3.67989363030553
1.03 26.0037235144571 3.58465472584962
1.04 28.46235601971 3.87791741521413
1.05 19.1514113629212 3.37286119307553
1.06 13.2859778972866 2.97579357359649
1.07 15.1387478416836 3.26675730915262
1.08 9.54070452894684 3.63314245845329
1.09 5.25077453280997 2.84627806549492
1.1 14.2074214824868 2.64457712285898
1.11 25.7755494832359 3.82586748108989
1.12 5.2496782473492 2.83967778064598
1.13 11.4080253015298 2.89852767218676
1.14 16.6033809708293 3.16359960119203
1.15 10.7855410210214 3.13807581459887
1.16 0.920928830322178 2.02027484227809
1.17 9.97360514953415 2.7774239831548
1.18 19.9450550205115 3.5553010369296
1.19 10.6869271256541 2.33223234115429
1.2 7.91367325425107 2.22247110685033
1.21 7.68708865442906 2.69500454786632
1.22 10.4621118054929 2.68326829565397
1.23 17.5027728374497 2.89884172084602
1.24 22.0493136208085 3.27708539711789
1.25 19.5438292218248 3.52362293728527
1.26 1.18960087204361 3.16038028919435
1.27 2.36103399525056 2.15193457221309
1.28 9.82043217050543 2.9596542608606
1.29 14.5170353017473 3.17562429243306
1.3 13.0273217718232 2.28843385103957
1.31 12.8014510238049 2.34504770452119
1.32 19.6066149476847 3.06822483612693
1.33 22.6793043837903 3.53589367773516
1.34 26.0475462758411 3.43239571125713
1.35 19.3722601883263 2.82861702347626
1.36 13.7456339381503 3.03433167289085
1.37 21.9852871156343 3.32780482256354
1.38 9.88104347706216 2.18709519145331
1.39 5.64658169332395 2.2278246636203
1.4 6.34885702603841 2.70716957949285
1.41 17.4711608226481 2.80177101206218
1.42 24.8036571090347 2.95603711876027
1.43 25.6609340594974 2.96392396252108
1.44 35.041787887814 3.34746702316619
1.45 45.3227955000732 3.73934851451232
1.46 42.9623770357651 3.91368762556015
1.47 6.32200213383621 1.8675204108726
1.48 16.0477038003287 2.35462368489546
1.49 36.114209963392 3.2854963069983
1.5 41.3714081786113 3.48092129536937
