-0.1 31.4756074939803 3.71031383913358
-0.09 32.6976450561066 3.81357885053461
-0.08 19.6706405651013 3.61061542900949
-0.07 30.645043810474 4.03610568934337
-0.06 42.4262502740007 4.39037942527396
-0.05 14.2813853261392 4.02327324981685
-0.04 26.9934140865682 4.61482540644413
-0.03 119.648847442438 6.68089599525921
-0.02 180.304209639187 8.19445593060185
-0.01 187.954643594761 9.00772299826667
0 203.541412845365 9.26190486121649
0.01 204.314752412391 8.80287230527598
0.02 140.990723142017 7.42448861953858
0.03 73.7680940054118 5.61913733253143
0.04 57.4118537093019 4.8192451132562
0.05 31.1604154663265 4.06315852055318
0.06 22.4970461943381 3.63394601020708
0.07 15.5359071739815 3.28382814040873
0.08 43.9373678602654 4.30931828441261
0.09 39.2702954650781 4.68023838804278
0.1 40.0678957353589 5.12948481967037
0.11 53.6966379570947 5.00587365952303
0.12 28.4405111516848 3.649722417774
0.13 18.7083796732718 3.22524792328447
0.14 25.884393467748 3.31831992220139
0.15 30.3060511236261 4.12833375481134
0.16 83.5220503344539 6.24197338342033
0.17 129.940785068899 7.06886307702972
0.18 150.9941763673 7.59844722128903
0.19 158.656064355752 7.82718733536687
0.2 136.03874563667 7.82009048350877
0.21 132.944766297758 7.71640632293614
0.22 93.0523583984756 6.11797035461884
0.23 38.8013222038308 4.59576652124434
0.24 36.0208691748814 4.29973500323089
0.25 44.4743109372897 4.76795500440286
0.26 53.6652459834327 5.06418307140973
0.27 32.273530266393 4.5533927694716
0.28 38.2638543070082 4.66059847722582
0.29 67.3169609739805 5.34381014720779
0.3 72.270062697056 6.01377317835477
0.31 89.0246855693751 6.55739265039584
0.32 98.481796612065 6.33190779330527
0.33 82.1802861879127 5.91484885439843
0.34 104.311209646179 6.61855637689751
0.35 135.00837781444 8.01986661198964
0.36 187.506115970938 9.30909019971098
0.37 247.812550802966 10.1731850345262
0.38 252.094081866194 10.2782498120558
0.39 216.132375184685 9.54544980270794
0.4 172.657648319354 9.14701704867128
0.41 132.077170813013 8.16703305580493
0.42 98.1001404258595 6.55786928637834
0.43 74.3501186340961 5.8554838390058
0.44 52.8301189098271 4.99670337794528
0.45 23.8829291817521 4.25761750937685
0.46 18.6063926859506 4.70598540794203
0.47 24.3197997654697 4.55641237866388
0.48 10.2840727788734 4.42523817450627
0.49 7.18068034009467 4.5657148904604
0.5 27.8890968170104 5.3101996334767
0.51 53.7131840982183 5.61787954281578
0.52 92.1114530808376 6.56416573611813
0.53 138.93862192694 8.09451362306703
0.54 146.553769314164 8.24498916454766
0.55 134.48899249833 8.47498501769527
0.56 107.894639928868 8.06258367469932
0.57 100.2907174875 7.24648418445485
0.58 113.906335612135 7.31401560677909
0.59 93.3613681418983 6.68582546359452
0.6 71.1947489443666 6.85843320545826
0.61 33.5961800954674 6.43729884359525
0.62 5.44622564942636 3.69225314469998
0.63 1.80275366744618 2.32004947014669
0.64 8.8583113851033 3.45976583003498
0.65 26.9914223525768 4.66768834980146
0.66 37.6932084354686 5.09149057182632
0.67 25.4130646894517 4.67036535917806
0.68 13.566959740982 4.13143375690031
0.69 28.7188828806495 4.12942680368431
0.7 29.4454452744937 5.06492388427598
0.71 25.8421184072128 5.04214613229147
0.72 75.8222442173721 6.18409867441883
0.73 78.8316981942159 6.38863411896704
0.74 43.4974207457948 5.21589505258259
0.75 24.8362422120498 5.82355201375392
0.76 44.5753330445873 6.29189378031106
0.77 39.8482909235696 5.45538572863615
0.78 32.357270549767 5.22064800543485
0.79 38.6380007473612 4.88976765768615
0.8 16.9364505133637 4.06681374391115
0.81 21.7851833685259 3.89089253412411
0.82 23.1118738089354 3.93625981675434
0.83 19.828517248811 3.4048296308115
0.84 18.7366759914044 3.62619086285139
0.85 28.1903030461703 4.77316253764555
0.86 23.5163931006439 4.3942650400803
0.87 9.18704893022997 3.10610120736301
0.88 5.38817637386247 2.83959535332311
0.89 27.9591323455914 4.147347131055
0.9 45.5034346804318 5.05264520114347
0.91 42.2738911158111 5.25945652031368
0.92 63.4388710458343 5.97151303170786
0.93 24.7164010195923 3.69115600868083
0.94 2.30643157165462 2.56946406977767
0.95 25.2063245990894 3.86293660658626
0.96 58.0297069803865 5.82514995564464
0.97 61.7816783449911 6.04912339059185
0.98 42.5815920227502 4.62070305225446
0.99 34.0724185757786 4.30132076583478
1 29.523771948511 4.2395056393946
1.01 45.5495930048484 5.08040401745209
1.02 41.080738478673 4.99304003310545
1.03 49.9860651005893 5.03942030564906
1.04 44.3254816977851 4.79095066145325
1.05 20.8602857645469 3.75532996262061
1.06 34.6463953505428 4.98348081743687
1.07 47.239280397147 5.33075676561248
1.08 52.2299358152611 4.89699668833612
1.09 34.0494483788994 4.05315720748684
1.1 25.1811483738626 3.74910477735526
1.11 31.1194363438801 4.17157127906165
1.12 54.1556292496274 5.05942939535759
1.13 51.6543792852863 4.71321843784051
1.14 20.7078356507088 3.61146041826651
1.15 40.9189778384258 4.50861691843137
1.16 52.1149695935978 5.33530477307157
1.17 15.1065031482899 4.39428964962684
1.18 23.7000946309654 4.07732834499515
1.19 27.1781482751668 4.00066652026803
1.2 15.512056729382 3.90183779613116
1.21 44.896712064324 4.795431458243
1.22 34.9432582626638 4.42694149970489
1.23 32.2182114412213 4.08303850962281
1.24 20.4458723999876 3.76517866669707
1.25 10.9080617684431 3.60699572132205
1.26 62.7557615442179 5.73355828988891
1.27 75.0783339482115 6.09598246055291
1.28 57.1358668289409 4.95771237174862
1.29 43.6371142622175 4.28589423699175
1.3 36.1653281622635 4.22211560785871
1.31 11.8435213214307 3.85560280725008
1.32 44.705253826245 4.93030392567322
1.33 74.2324198060829 5.59055349299256
1.34 55.5852950572364 5.16719638303018
1.35 39.9869424456656 4.9780817358189
1.36 52.2193388164553 5.3726665699795
1.37 20.0592372389786 4.48137980864507
1.38 19.1669172788016 3.17137512497381
1.39 60.0500671607271 4.6160789750232
1.4 72.2295178232894 5.13643381826731
1.41 52.6673586632798 4.83689752960615
1.42 15.7318075875934 3.61499213124488
1.43 41.8600167565064 4.24474619190931
1.44 50.2823561682778 4.46738528442448
1.45 43.6841080863253 4.18100036793659
1.46 40.0539472836012 4.15751169689513
1.47 44.6118952772231 4.24930982337959
1.48 67.7091884645672 4.92765233659738
1.49 65.5151672857411 4.87035934228118
1.5 45.0566238072818 4.09984922020965
