-0.1 2.16729057886702
-0.0988988988988989 2.17933080765734
-0.0977977977977978 2.19147976078507
-0.0966966966966967 2.203738836704
-0.0955955955955956 2.21610945754371
-0.0944944944944945 2.22859306960958
-0.0933933933933934 2.24119114389552
-0.0922922922922923 2.25390517660964
-0.0911911911911912 2.26673668971352
-0.0900900900900901 2.27968723147513
-0.088988988988989 2.29275837703615
-0.0878878878878879 2.30595172899389
-0.0867867867867868 2.31926891799836
-0.0856856856856857 2.33271160336494
-0.0845845845845846 2.34628147370301
-0.0834834834834835 2.35998024756131
-0.0823823823823824 2.37380967409016
-0.0812812812812813 2.38777153372131
-0.0801801801801802 2.4018676388661
-0.0790790790790791 2.41609983463193
-0.077977977977978 2.4304699995584
-0.0768768768768769 2.44498004637306
-0.0757757757757758 2.45963192276777
-0.0746746746746747 2.47442761219616
-0.0735735735735736 2.48936913469291
-0.0724724724724725 2.50445854771564
-0.0713713713713714 2.51969794700986
-0.0702702702702703 2.53508946749806
-0.0691691691691692 2.55063528419348
-0.0680680680680681 2.56633761313947
-0.066966966966967 2.58219871237521
-0.0658658658658659 2.59822088292873
-0.0647647647647648 2.61440646983806
-0.0636636636636637 2.63075786320143
-0.0625625625625626 2.64727749925765
-0.0614614614614615 2.66396786149735
-0.0603603603603604 2.68083148180647
-0.0592592592592593 2.69787094164283
-0.0581581581581582 2.71508887324703
-0.0570570570570571 2.73248796088877
-0.055955955955956 2.75007094214991
-0.0548548548548549 2.76784060924529
-0.0537537537537538 2.785799810383
-0.0526526526526527 2.803951451165
-0.0515515515515516 2.82229849602989
-0.0504504504504505 2.84084396973901
-0.0493493493493493 2.85959095890771
-0.0482482482482482 2.87854261358286
-0.0471471471471471 2.89770214886895
-0.046046046046046 2.91707284660377
-0.0449449449449449 2.93665805708605
-0.0438438438438438 2.95646120085649
-0.0427427427427427 2.97648577053439
-0.0416416416416416 2.99673533271178
-0.0405405405405405 3.01721352990701
-0.0394394394394394 3.03792408258036
-0.0383383383383383 3.05887079121348
-0.0372372372372372 3.08005753845542
-0.0361361361361361 3.10148829133738
-0.035035035035035 3.12316710355913
-0.0339339339339339 3.14509811784938
-0.0328328328328328 3.16728556840316
-0.0317317317317317 3.18973378339909
-0.0306306306306306 3.21244718759949
-0.0295295295295295 3.23543030503656
-0.0284284284284284 3.25868776178793
-0.0273273273273273 3.2822242888451
-0.0262262262262262 3.30604472507824
-0.0251251251251251 3.33015402030123
-0.024024024024024 3.35455723844087
-0.0229229229229229 3.37925956081424
-0.0218218218218218 3.40426628951884
-0.0207207207207207 3.42958285093936
-0.0196196196196196 3.45521479937668
-0.0185185185185185 3.48116782080306
-0.0174174174174174 3.50744773674939
-0.0163163163163163 3.53406050832941
-0.0152152152152152 3.56101224040681
-0.0141141141141141 3.5883091859108
-0.013013013013013 3.61595775030659
-0.0119119119119119 3.64396449622713
-0.0108108108108108 3.67233614827262
-0.0097097097097097 3.70107959798533
-0.00860860860860861 3.73020190900657
-0.0075075075075075 3.75971032242419
-0.00640640640640641 3.78961226231822
-0.00530530530530531 3.81991534151338
-0.0042042042042042 3.8506273675476
-0.00310310310310311 3.88175634886556
-0.002002002002002 3.91331050124751
-0.000900900900900906 3.94529825448333
0.000200200200200201 3.97772825930305
0.00130130130130131 4.01060939457486
0.0024024024024024 4.04395077478309
0.00350350350350351 4.07776175779811
0.0046046046046046 4.11205195295218
0.00570570570570571 4.14683122943422
0.00680680680680681 4.18210972501912
0.00790790790790791 4.21789785514622
0.00900900900900901 4.25420632236363
0.0101101101101101 4.29104612615508
0.0112112112112112 4.32842857316782
0.0123123123123123 4.36636528785977
0.0134134134134134 4.40486822358635
0.0145145145145145 4.44394967414801
0.0156156156156156 4.4836222858202
0.0167167167167167 4.5238990698895
0.0178178178178178 4.56479341572055
0.0189189189189189 4.60631910437937
0.02002002002002 4.64849032284108
0.0211211211211211 4.69132167881053
0.0222222222222222 4.73482821618657
0.0233233233233233 4.77902543120246
0.0244244244244244 4.82392928927634
0.0255255255255255 4.86955624260809
0.0266266266266266 4.91592324856054
0.0277277277277277 4.96304778886576
0.0288288288288288 5.01094788969909
0.0299299299299299 5.059642142666
0.031031031031031 5.10914972675012
0.0321321321321321 5.15949043127302
0.0332332332332332 5.21068467991973
0.0343343343343343 5.262753555887
0.0354354354354355 5.31571882821522
0.0365365365365365 5.36960297936771
0.0376376376376376 5.42442923412632
0.0387387387387387 5.48022158987523
0.0398398398398399 5.53700484835037
0.0409409409409409 5.59480464893588
0.042042042042042 5.65364750359502
0.0431431431431432 5.7135608335278
0.0442442442442443 5.77457300765351
0.0453453453453453 5.83671338302392
0.0464464464464464 5.90001234727716
0.0475475475475476 5.96450136325297
0.0486486486486487 6.03021301589429
0.0497497497497497 6.09718106157184
0.0508508508508509 6.16544047997455
0.051951951951952 6.23502752872059
0.0530530530530531 6.30597980085245
0.0541541541541542 6.37833628539219
0.0552552552552553 6.45213743114379
0.0563563563563564 6.5274252139431
0.0574574574574575 6.60424320757015
0.0585585585585586 6.68263665855271
0.0596596596596597 6.76265256510703
0.0607607607607608 6.84433976047881
0.0618618618618619 6.92774900096637
0.062962962962963 7.01293305892828
0.0640640640640641 7.09994682109995
0.0651651651651652 7.18884739256726
0.0662662662662663 7.27969420677069
0.0673673673673674 7.37254914194232
0.0684684684684685 7.46747664440669
0.0695695695695696 7.56454385921034
0.0706706706706707 7.66382076857932
0.0717717717717718 7.76538033874331
0.0728728728728729 7.86929867570496
0.073973973973974 7.97565519057987
0.0750750750750751 8.08453277518035
0.0761761761761762 8.19601798856997
0.0772772772772773 8.31020125537365
0.0783783783783784 8.42717707669082
0.0794794794794795 8.54704425452748
0.0805805805805806 8.66990613073877
0.0816816816816817 8.79587084155265
0.0827827827827828 8.92505158883678
0.0838838838838839 9.05756692936488
0.084984984984985 9.19354108344548
0.0860860860860861 9.3331042643912
0.0871871871871872 9.47639303043214
0.0882882882882883 9.62355066081451
0.0893893893893894 9.77472755797661
0.0904904904904905 9.93008167785791
0.0915915915915916 10.089778990578
0.0926926926926927 10.253993973919
0.0937937937937938 10.4229101422614
0.0948948948948949 10.59672061386
0.095995995995996 10.7756287196066
0.0970970970970971 10.9598486567114
0.0981981981981982 11.1496061910468
0.0992992992992993 11.3451394122409
0.1004004004004 11.5466995459855
0.101501501501502 11.7545518284353
0.102602602602603 11.9689764480304
0.103703703703704 12.190269560571
0.104804804804805 12.4187443839234
0.105905905905906 12.6547323793328
0.107007007007007 12.8985845269806
0.108108108108108 13.1506727041457
0.109209209209209 13.4113911751197
0.11031031031031 13.6811582028955
0.111411411411411 13.960417793594
0.112512512512513 14.2496415856319
0.113613613613614 14.5493308967612
0.114714714714715 14.8600189433398
0.115815815815816 15.1822732475235
0.116916916916917 15.5166982495134
0.118018018018018 15.8639381435412
0.119119119119119 16.2246799579396
0.12022022022022 16.5996569014115
0.121321321321321 16.9896519994835
0.122422422422422 17.3955020470811
0.123523523523524 17.818101905175
0.124624624624625 18.2584091714934
0.125725725725726 18.717449257304
0.126826826826827 19.196320904198
0.127927927927928 19.6962021765323
0.129029029029029 20.218356966598
0.13013013013013 20.7641420504983
0.131231231231231 21.3350147329086
0.132332332332332 21.9325411180713
0.133433433433433 22.5584050421494
0.134534534534535 23.2144176979553
0.135635635635636 23.902527976451
0.136736736736737 24.6248335395218
0.137837837837838 25.3835926243809
0.138938938938939 26.1812365604028
0.14004004004004 27.0203829527543
0.141141141141141 27.9038494521892
0.142242242242242 28.8346679847903
0.143343343343343 29.8160992569094
0.144444444444444 30.8516472765098
0.145545545545546 31.9450735396283
0.146646646646647 33.1004104167807
0.147747747747748 34.3219731358546
0.148848848848849 35.6143695926574
0.14994994994995 36.9825070258356
0.151051051051051 38.4315943684748
0.152152152152152 39.9671388352892
0.153253253253253 41.5949350254984
0.154354354354354 43.3210445243252
0.155455455455455 45.1517636822161
0.156556556556557 47.0935769575922
0.157657657657658 49.1530929499564
0.158758758758759 51.3369600565455
0.15985985985986 53.6517585958567
0.160960960960961 56.1038663008063
0.162062062062062 58.6992943440628
0.163163163163163 61.4434915722619
0.164264264264264 64.341115447295
0.165365365365365 67.3957693680509
0.166466466466466 70.6097076076389
0.167567567567568 73.9835110604175
0.168668668668669 77.5157393311235
0.16976976976977 81.2025673575097
0.170870870870871 85.0374176355704
0.171971971971972 89.0106020607775
0.173073073073073 93.1089902091761
0.174174174174174 97.3157233150201
0.175275275275275 101.609994982524
0.176376376376376 105.966920512292
0.177477477477477 110.357516355778
0.178578578578579 114.748809405254
0.17967967967968 119.104092429818
0.180780780780781 123.383336934788
0.181881881881882 127.543768139872
0.182982982982983 131.540598877357
0.184084084084084 135.327910393257
0.185185185185185 138.859658818002
0.186286286286286 142.090777092382
0.187387387387387 144.978334083013
0.188488488488489 147.482706194432
0.18958958958959 149.568712610813
0.190690690690691 151.206663875024
0.191791791791792 152.373275140019
0.192892892892893 153.052400175301
0.193993993993994 153.235549890629
0.195095095095095 152.922169308282
0.196196196196196 152.119658911057
0.197297297297297 150.843139286666
0.198398398398398 149.114971059548
0.199499499499499 146.964054320525
0.200600600600601 144.42494228369
0.201701701701702 141.536812023635
0.202802802802803 138.342340393935
0.203903903903904 134.886535368104
0.205005005005005 131.215572103921
0.206106106106106 127.375679278666
0.207207207207207 123.412115144287
0.208308308308308 119.368264919564
0.209409409409409 115.28488225938
0.210510510510511 111.199488317931
0.211611611611612 107.145933
0.212712712712713 103.154114918564
0.213813813813814 99.2498497601092
0.214914914914915 95.4548714624984
0.216016016016016 91.7869469454759
0.217117117117117 88.2600830755545
0.218218218218218 84.8848039585311
0.219319319319319 81.6684773157966
0.22042042042042 78.6156703477569
0.221521521521522 75.7285178334315
0.222622622622623 73.007087981917
0.223723723723724 70.4497344891967
0.224824824824825 68.0534261544859
0.225925925925926 65.8140481139945
0.227027027027027 63.7266711461146
0.228128128128128 61.785787526125
0.229229229229229 59.9855135358379
0.23033033033033 58.3197599709682
0.231431431431431 56.7823728662559
0.232532532532533 55.3672472201667
0.233633633633634 54.0684167995872
0.234734734734735 52.8801231945516
0.235835835835836 51.7968672254137
0.236936936936937 50.8134456265865
0.238038038038038 49.9249756816667
0.239139139139139 49.1269101966777
0.24024024024024 48.4150448962662
0.241341341341341 47.7855200301672
0.242442442442442 47.234817696668
0.243543543543544 46.7597561338732
0.244644644644645 46.3574820024255
0.245745745745746 46.0254614862561
0.246846846846847 45.7614708703501
0.247947947947948 45.5635871145082
0.249049049049049 45.4301788270818
0.25015015015015 45.3598979496255
0.251251251251251 45.3516723893532
0.252352352352352 45.404699778156
0.253453453453453 45.5184424920603
0.254554554554555 45.6926240307996
0.255655655655656 45.9272268314414
0.256756756756757 46.2224915707168
0.257857857857858 46.5789179961101
0.258958958958959 46.9972673141994
0.26006006006006 47.4785661547285
0.261161161161161 48.0241121189683
0.262262262262262 48.6354809095806
0.263363363363363 49.3145350249372
0.264464464464464 50.0634339818994
0.265565565565566 50.8846460056033
0.266666666666667 51.7809610905646
0.267767767767768 52.7555052919864
0.268868868868869 53.8117560466092
0.26996996996997 54.953558245542
0.271071071071071 56.185140683658
0.272172172172172 57.5111323873359
0.273273273273273 58.9365781705125
0.274374374374374 60.4669525841012
0.275475475475475 62.1081712021277
0.276576576576577 63.8665979267102
0.277677677677678 65.7490466920168
0.278778778778779 67.7627756058274
0.27987987987988 69.9154711910529
0.280980980980981 72.2152199880187
0.282082082082082 74.670464367198
0.283183183183183 77.2899390045292
0.284284284284284 80.082584119636
0.285385385385385 83.0574313129703
0.286486486486487 86.2234577131731
0.287587587587588 89.5894042223606
0.288688688688689 93.1635539937776
0.28978978978979 96.9534679666421
0.290890890890891 100.965675389085
0.291991991991992 105.205318845063
0.293093093093093 109.675755410098
0.294194194194194 114.378118209709
0.295295295295295 119.310845818652
0.296396396396396 124.469190542037
0.297497497497498 129.844720523044
0.298598598598599 135.424834621925
0.2996996996997 141.192312836245
0.300800800800801 147.124928353419
0.301901901901902 153.195149771727
0.303003003003003 159.369963206917
0.304104104104104 165.610843547723
0.305205205205205 171.873901722993
0.306306306306306 178.110230285931
0.307407407407407 184.266462841769
0.308508508508509 190.285553958513
0.30960960960961 196.107775522234
0.310710710710711 201.671913550963
0.311811811811812 206.916636974702
0.312912912912913 211.781997680754
0.314014014014014 216.21101015444
0.315115115115115 220.151250259909
0.316216216216216 223.556406960593
0.317317317317317 226.387718752804
0.318418418418418 228.615228697726
0.31951951951952 230.218798287536
0.320620620620621 231.188830721916
0.321721721721722 231.526667910129
0.322822822822823 231.24464175665
0.323923923923924 230.3657779139
0.325025025025025 228.923167944721
0.326126126126126 226.959042468743
0.327227227227227 224.523592212512
0.328328328328328 221.673594992872
0.329429429429429 218.470913874798
0.330530530530531 214.980934734267
0.331631631631632 211.271010249711
0.332732732732733 207.408972295443
0.333833833833834 203.461766443678
0.334934934934935 199.494251621203
0.336036036036036 195.568195841453
0.337137137137137 191.741486286827
0.338238238238238 188.067559724635
0.339339339339339 184.595048042651
0.34044044044044 181.367624144256
0.341541541541542 178.424025902457
0.342642642642643 175.798230485931
0.343743743743744 173.519748104472
0.344844844844845 171.614002890431
0.345945945945946 170.102768944252
0.347047047047047 169.004631170913
0.348148148148148 168.335443046296
0.349249249249249 168.108756524307
0.35035035035035 168.336202622309
0.351451451451452 169.027804569578
0.352552552552553 170.192208617802
0.353653653653654 171.836820624463
0.354754754754755 173.967839338402
0.355855855855856 176.590180018323
0.356956956956957 179.707284727063
0.358058058058058 183.320818525847
0.359159159159159 187.430254010547
0.36026026026026 192.03235033714
0.361361361361361 197.120537185464
0.362462462462462 202.68421905196
0.363563563563564 208.708020797467
0.364664664664665 215.171001352309
0.365765765765766 222.045868626787
0.366866866866867 229.29823460037
0.367967967967968 236.885954768764
0.369069069069069 244.758600033362
0.37017017017017 252.857111099508
0.371271271271271 261.113684898511
0.372372372372372 269.451938933694
0.373473473473473 277.787392394507
0.374574574574575 286.028292230082
0.375675675675676 294.076798253331
0.376776776776777 301.830524212732
0.377877877877878 309.184412413212
0.378978978978979 316.032898997117
0.38008008008008 322.272306773954
0.381181181181181 327.803384033338
0.382282282282282 332.533892639975
0.383383383383383 336.381138326981
0.384484484484484 339.274331642227
0.385585585585586 341.156670227768
0.386686686686687 341.987042283326
0.387787787787788 341.741266875168
0.388888888888889 340.412808327223
0.38998998998999 338.012927889073
0.391091091091091 334.570264435395
0.392192192192192 330.129865095579
0.393293293293293 324.751714368741
0.394394394394394 318.508834513349
0.395495495495496 311.485049190175
0.396596596596597 303.772515312749
0.397697697697698 295.469134193859
0.398798798798799 286.675952316938
0.3998998998999 277.49465490097
0.401001001001001 268.025242826274
0.402102102102102 258.363966751773
0.403203203203203 248.601572888546
0.404304304304304 238.821894457113
0.405405405405405 229.100802815484
0.406506506506507 219.505513865299
0.407607607607608 210.094229602316
0.408708708708709 200.916082222842
0.40980980980981 192.011339340921
0.410910910910911 183.411823612763
0.412012012012012 175.141498145606
0.413113113113113 167.217170033592
0.414214214214214 159.64926763605
0.415315315315315 152.442652163107
0.416416416416416 145.597430135696
0.417517517517518 139.109739772418
0.418618618618619 132.972490842293
0.41971971971972 127.176043633173
0.420820820820821 121.708818153821
0.421921921921922 116.557829350825
0.423023023023023 111.70914790863
0.424124124124124 107.148289114642
0.425225225225225 102.860534369324
0.426326326326326 98.8311912971824
0.427427427427427 95.0457991825284
0.428528528528529 91.4902867340152
0.42962962962963 88.1510890908657
0.430730730730731 85.0152306273184
0.431831831831832 82.070379581423
0.432932932932933 79.3048799046984
0.434034034034034 76.7077650588378
0.435135135135135 74.2687578178831
0.436236236236236 71.9782594991502
0.437337337337337 69.827331462857
0.438438438438439 67.8076711993629
0.43953953953954 65.9115848681889
0.440640640640641 64.1319577638863
0.441741741741742 62.4622238567769
0.442842842842843 60.8963352859199
0.443943943943944 59.4287324610408
0.445045045045045 58.0543152527864
0.446146146146146 56.7684156100585
0.447247247247247 55.5667718332238
0.448348348348348 54.4455046472845
0.44944944944945 53.4010951547692
0.450550550550551 52.4303647000797
0.451651651651652 51.5304566417844
0.452752752752753 50.6988200038988
0.453853853853854 49.9331949590741
0.454954954954955 49.2316000837025
0.456056056056056 48.59232131546
0.457157157157157 48.0139025361871
0.458258258258258 47.4951376958369
0.459359359359359 47.0350643852211
0.460460460460461 46.6329587551822
0.461561561561562 46.2883316663459
0.462662662662663 46.0009259354676
0.463763763763764 45.7707145201699
0.464864864864865 45.5978994521305
0.465965965965966 45.482911287971
0.467067067067067 45.4264087956512
0.468168168168168 45.4292785305505
0.469269269269269 45.4926338782683
0.47037037037037 45.6178130494337
0.471471471471472 45.8063754050749
0.472572572572573 46.0600953697524
0.473673673673674 46.3809530554612
0.474774774774775 46.7711205757014
0.475875875875876 47.2329428817733
0.476976976976977 47.7689118107354
0.478078078078078 48.381631908202
0.479179179179179 49.0737764944692
0.48028028028028 49.8480323982591
0.481381381381381 50.7070318110194
0.482482482482483 51.6532698413835
0.483583583583584 52.6890066007647
0.484684684684685 53.8161530533007
0.485785785785786 55.0361404395587
0.486886886886887 56.3497738499905
0.487987987987988 57.7570714869744
0.489089089089089 59.2570923045875
0.49019019019019 60.8477560251912
0.491291291291291 62.5256609515675
0.492392392392392 64.2859064484695
0.493493493493494 66.1219283596925
0.494594594594595 68.02535683642
0.495695695695696 69.9859069445289
0.496796796796797 71.9913128515878
0.497897897897898 74.0273162336352
0.498998998998999 76.0777186738126
0.5001001001001 78.1245061729712
0.501201201201201 80.1480514323966
0.502302302302302 82.1273963419084
0.503403403403404 84.0406132273208
0.504504504504505 85.8652390689947
0.505605605605606 87.5787723558589
0.506706706706707 89.1592177982727
0.507807807807808 90.585660130593
0.508908908908909 91.838845033731
0.51001001001001 92.9017431112786
0.511111111111111 93.7600721070867
0.512212212212212 94.4027533106082
0.513313313313313 94.8222803962064
0.514414414414414 95.0149826944224
0.515515515515516 94.9811698824226
0.516616616616617 94.7251509829344
0.517717717717718 94.2551269685523
0.518818818818819 93.5829627273587
0.51991991991992 92.7238501975904
0.521021021021021 91.695879702139
0.522122122122122 90.5195405618414
0.523223223223223 89.2171746984498
0.524324324324324 87.8124080351031
0.525425425425425 86.3295840727671
0.526526526526527 84.793222193214
0.527627627627628 83.2275202400754
0.528728728728729 81.6559170581354
0.52982982982983 80.1007262652
0.530930930930931 78.5828479339329
0.532032032032032 77.1215603915816
0.533133133133133 75.7343902728852
0.534234234234234 74.4370554889166
0.535335335335335 73.2434730313634
0.536436436436436 72.1658215727143
0.537537537537538 71.2146476359294
0.538638638638639 70.3990036255068
0.53973973973974 69.7266061291338
0.540840840840841 69.2040034863232
0.541941941941942 68.8367425416191
0.543043043043043 68.629525626079
0.544144144144144 68.5863500305679
0.545245245245245 68.7106234619606
0.546346346346346 69.0052501519011
0.547447447447448 69.4726833908956
0.548548548548549 70.1149412900195
0.54964964964965 70.9335835546082
0.550750750750751 71.92964803348
0.551851851851852 73.1035468393618
0.552952952952953 74.4549229801943
0.554054054054054 75.9824697500406
0.555155155155155 77.6837166411539
0.556256256256256 79.5547872704883
0.557357357357357 81.5901367484773
0.558458458458459 83.782278001591
0.55955955955956 86.1215086978414
0.560660660660661 88.5956524792505
0.561761761761762 91.1898300028237
0.562862862862863 93.8862766287635
0.563963963963964 96.6642242543141
0.565065065065065 99.4998645618735
0.566166166166166 102.366409647338
0.567267267267267 105.234263489491
0.568368368368368 108.071313962423
0.56946946946947 110.843350128899
0.570570570570571 113.514603545389
0.571671671671672 116.048405538887
0.572772772772773 118.407945271033
0.573873873873874 120.557106363881
0.574974974974975 122.46135345487
0.576076076076076 124.088634816393
0.577177177177177 125.410263615612
0.578278278278278 126.401738906135
0.579379379379379 127.043468296824
0.580480480480481 127.321357518144
0.581581581581582 127.22723768988
0.582682682682683 126.75910867478
0.583783783783784 125.921185993194
0.584884884884885 124.723748749837
0.585985985985986 123.182796180079
0.587087087087087 121.319530037599
0.588188188188188 119.159688445872
0.589289289289289 116.732763461328
0.59039039039039 114.071139043996
0.591491491491492 111.209188189632
0.592592592592593 108.182367633249
0.593693693693694 105.026345965551
0.594794794794795 101.776196549707
0.595895895895896 98.4656807444813
0.596996996996997 95.1266401574114
0.598098098098098 91.7885095113225
0.599199199199199 88.4779547193588
0.6003003003003 85.2186343659286
0.601401401401402 82.0310773214514
0.602502502502503 78.9326649001908
0.603603603603604 75.937702908667
0.604704704704705 73.0575671253744
0.605805805805806 70.3009051092817
0.606906906906907 67.6738775965698
0.608008008008008 65.1804239122872
0.609109109109109 62.8225375781878
0.61021021021021 60.600540425397
0.611311311311311 58.5133458253236
0.612412412412413 56.5587039695291
0.613513513513514 54.7334243301754
0.614614614614615 53.0335724257015
0.615715715715716 51.4546397448419
0.616816816816817 49.9916871190455
0.617917917917918 48.6394629753607
0.619019019019019 47.3924987620427
0.62012012012012 46.2451844408492
0.621221221221221 45.1918273114859
0.622322322322322 44.2266976039453
0.623423423423423 43.3440642708447
0.624524524524525 42.5382242586776
0.625625625625626 41.8035282556456
0.626726726726727 41.1344055239439
0.627827827827828 40.5253899450695
0.628928928928929 39.9711488579699
0.63003003003003 39.4665156741486
0.631131131131131 39.0065266368615
0.632232232232232 38.5864614822546
0.633333333333333 38.2018871900785
0.634434434434434 37.8487035127065
0.635535535535536 37.5231885742928
0.636636636636637 37.2220425635629
0.637737737737738 36.9424274234748
0.638838838838839 36.6820004790025
0.63993993993994 36.4389401395953
0.641041041041041 36.2119621526552
0.642142142142142 36.0003253444306
0.643243243243243 35.8038263310933
0.644344344344344 35.6227832744528
0.645445445445445 35.4580093493342
0.646546546546547 35.3107771390644
0.647647647647648 35.1827756421276
0.648748748748749 35.0760619249747
0.64984984984985 34.9930096716112
0.650950950950951 34.9362569501208
0.652052052052052 34.9086554417764
0.653153153153153 34.9132231728341
0.654254254254254 34.9531024743057
0.655355355355355 35.0315244988464
0.656456456456457 35.1517811772175
0.657557557557558 35.3172050301985
0.658658658658659 35.5311567930274
0.65975975975976 35.7970203809779
0.660860860860861 36.1182043426191
0.661961961961962 36.4981486207034
0.663063063063063 36.9403351717964
0.664164164164164 37.4483007813398
0.665265265265265 38.0256502431621
0.666366366366366 38.6760679416106
0.667467467467468 39.4033257702013
0.668568568568569 40.2112852344648
0.66966966966967 41.1038915135471
0.670770770770771 42.0851571953821
0.671871871871872 43.1591333605063
0.672972972972973 44.3298656836202
0.674074074074074 45.6013332709265
0.675175175175175 46.9773680829866
0.676276276276276 48.4615530408466
0.677377377377377 50.0570973143443
0.678478478478479 51.7666878830506
0.67957957957958 53.5923172755452
0.680680680680681 55.5350884563198
0.681781781781782 57.5949991516026
0.682882882882883 59.770709475474
0.683983983983984 62.0592984993272
0.685085085085085 64.4560173337735
0.686186186186186 66.9540482618458
0.687287287287287 69.5442813419415
0.688388388388388 72.2151215251772
0.68948948948949 74.9523405206041
0.690590590590591 77.7389882007798
0.691691691691692 80.5553780863141
0.692792792792793 83.379160227228
0.693893893893894 86.1854925084161
0.694994994994995 88.947318015314
0.696096096096096 91.6357516625324
0.697197197197197 94.2205739713597
0.698298298298298 96.670823942506
0.699399399399399 98.9554767619531
0.700500500500501 101.044186026531
0.701601601601602 102.908064748941
0.702702702702703 104.520475067211
0.703803803803804 105.857793764658
0.704904904904905 106.900119737507
0.706006006006006 107.63189063359
0.707107107107107 108.0423790734
0.708208208208208 108.126044027875
0.709309309309309 107.882719768788
0.710410410410411 107.317632881665
0.711511511511512 106.441246579819
0.712612612612613 105.268940361579
0.713713713713714 103.820541285998
0.714814814814815 102.119730232845
0.715915915915916 100.193351991746
0.717017017017017 98.0706615682867
0.718118118118118 95.7825405445135
0.719219219219219 93.3607167045034
0.72032032032032 90.8370176112813
0.721421421421422 88.2426847134009
0.722522522522523 85.6077692786573
0.723623623623624 82.9606254615124
0.724724724724725 80.327509579465
0.725825825825826 77.7322886368237
0.726926926926927 75.1962556594668
0.728028028028028 72.7380447681297
0.729129129129129 70.373635296283
0.73023023023023 68.1164317261934
0.731331331331331 65.9774047562602
0.732432432432433 63.965278332049
0.733533533533534 62.0867478261966
0.734634634634635 60.346715559871
0.735735735735736 58.7485313307426
0.736836836836837 57.2942273662984
0.737937937937938 55.9847389943493
0.739039039039039 54.8201041824158
0.74014014014014 53.7996368470815
0.741241241241241 52.9220704120119
0.742342342342342 52.1856694713875
0.743443443443443 51.5883085950488
0.744544544544545 51.1275183162661
0.745645645645646 50.8004992116487
0.746746746746747 50.6041057621531
0.747847847847848 50.5348024220235
0.748948948948949 50.5885950603775
0.75005005005005 50.7609417076821
0.751151151151151 51.0466473494162
0.752252252252252 51.439748354248
0.753353353353353 51.9333929741899
0.754454454454455 52.5197251572207
0.755555555555556 53.1897795964086
0.756656656656657 53.9333964158294
0.757757757757758 54.73916406643
0.758858858858859 55.5943987794729
0.75995995995996 56.485168218559
0.761061061061061 57.396365725
0.762162162162162 58.311839742802
0.763263263263263 59.2145806616846
0.764364364364365 60.0869645044068
0.765465465465466 60.9110497371467
0.766566566566567 61.6689201776723
0.767667667667668 62.3430637344283
0.768768768768769 62.9167737733197
0.76986986986987 63.3745575242139
0.770970970970971 63.7025343321214
0.772072072072072 63.8888059107632
0.773173173173173 63.9237811853164
0.774274274274274 63.8004398512574
0.775375375375375 63.5145213715433
0.776476476476477 63.0646296387622
0.777577577577578 62.4522477158828
0.778678678678679 61.6816616506959
0.77977977977978 60.7597970106934
0.780880880880881 59.6959761763844
0.781981981981982 58.5016082553049
0.783083083083083 57.1898264814264
0.784184184184184 55.7750899641486
0.785285285285285 54.2727675537554
0.786386386386386 52.698721394039
0.787487487487488 51.0689065223677
0.788588588588589 49.3990008106956
0.78968968968969 47.7040768295117
0.790790790790791 45.9983241026089
0.791891891891892 44.2948269523843
0.792992992992993 42.6053999460448
0.794094094094094 40.9404800416932
0.795195195195195 39.3090720525278
0.796296296296296 37.71874209699
0.797397397397397 36.1756523287412
0.798498498498499 34.6846294397467
0.7995995995996 33.2492591584339
0.800700700700701 31.8719991485685
0.801801801801802 30.5543032599574
0.802902902902903 29.2967508883096
0.804004004004004 28.0991761692603
0.805105105105105 26.9607927705491
0.806206206206206 25.8803110806764
0.807307307307307 24.8560455630842
0.808408408408408 23.8860109105763
0.80950950950951 22.9680063704583
0.810610610610611 22.0996882063028
0.811711711711712 21.2786307184816
0.812812812812813 20.5023765723482
0.813913913913914 19.768477395522
0.815015015015015 19.074525722427
0.816116116116116 18.4181794043167
0.817217217217217 17.7971795849983
0.818318318318318 17.2093632831435
0.81941941941942 16.6526715358447
0.820520520520521 16.1251539567209
0.821621621621622 15.6249704545491
0.822722722722723 15.1503907518775
0.823823823823824 14.6997922420147
0.824924924924925 14.271656630158
0.826026026026026 13.8645657218002
0.827127127127127 13.4771966495341
0.828228228228228 13.1083167678056
0.829329329329329 12.7567783934374
0.830430430430431 12.4215135269669
0.831531531531532 12.1015286549611
0.832632632632633 11.7958997054377
0.833733733733734 11.5037672062819
0.834834834834835 11.2243316791569
0.835935935935936 10.9568492880007
0.837037037037037 10.7006277510293
0.838138138138138 10.4550225175985
0.839239239239239 10.2194332057673
0.84034034034034 9.99330029251372
0.841441441441442 9.776102045918
0.842542542542543 9.56735168695249
0.843643643643644 9.36659476757089
0.844744744744745 9.17340675138034
0.845845845845846 8.98739078317313
0.846946946946947 8.80817563386346
0.848048048048048 8.63541380784612
0.849149149149149 8.46877980038901
0.85025025025025 8.30796849334967
0.851351351351351 8.15269367822284
0.852452452452452 8.00268669626012
0.853553553553554 7.85769518612888
0.854654654654655 7.71748193028756
0.855755755755756 7.58182379193177
0.856856856856857 7.45051073501418
0.857957957957958 7.32334492044522
0.859059059059059 7.2001398721527
0.86016016016016 7.08071970720397
0.861261261261261 6.96491842468533
0.862362362362362 6.85257924848295
0.863463463463464 6.74355401952589
0.864564564564565 6.63770263343234
0.865665665665666 6.53489251984918
0.866766766766767 6.43499816009508
0.867867867867868 6.33790064000851
0.868968968968969 6.24348723516908
0.87007007007007 6.15165102590361
0.871171171171171 6.06229053970988
0.872272272272272 5.97530941893346
0.873373373373374 5.89061611171669
0.874474474474475 5.80812358440722
0.875575575575576 5.72774905376603
0.876676676676677 5.6494137374542
0.877777777777778 5.57304262140503
0.878878878878879 5.49856424280312
0.87997997997998 5.4259104874986
0.881081081081081 5.35501640077961
0.882182182182182 5.28582001051522
0.883283283283283 5.21826216176036
0.884384384384384 5.15228636198738
0.885485485485486 5.08783863617632
0.886586586586587 5.02486739105668
0.887687687687688 4.9633232878491
0.888788788788789 4.90315912290694
0.88988988988989 4.84432971570409
0.890990990990991 4.78679180365835
0.892092092092092 4.73050394331908
0.893193193193193 4.67542641748325
0.894294294294294 4.62152114783768
0.895395395395395 4.5687516127551
0.896496496496497 4.51708276989939
0.897597597597598 4.46648098332132
0.898698698698699 4.41691395474914
0.8997997997998 4.36835065880009
0.900900900900901 4.32076128185894
0.902002002002002 4.27411716438772
0.903103103103103 4.22839074644782
0.904204204204204 4.18355551623097
0.905305305305305 4.1395859614104
0.906406406406406 4.09645752313586
0.907507507507508 4.05414655250958
0.908608608608609 4.0126302693901
0.90970970970971 3.97188672338294
0.910810810810811 3.93189475688506
0.911911911911912 3.89263397006037
0.913013013013013 3.85408468763104
0.914114114114114 3.81622792737714
0.915215215215215 3.77904537024452
0.916316316316316 3.74251933196706
0.917417417417418 3.70663273611578
0.918518518518519 3.67136908849267
0.91961961961962 3.63671245279297
0.920720720720721 3.60264742746358
0.921821821821822 3.56915912369095
0.922922922922923 3.53623314445485
0.924024024024024 3.50385556458952
0.925125125125125 3.47201291179633
0.926226226226226 3.44069214855624
0.927327327327327 3.40988065489326
0.928428428428428 3.37956621194284
0.92952952952953 3.3497369862824
0.930630630630631 3.32038151498343
0.931731731731732 3.29148869134694
0.932832832832833 3.26304775128662
0.933933933933934 3.2350482603261
0.935035035035035 3.20748010117819
0.936136136136136 3.18033346187659
0.937237237237237 3.15359882443174
0.938338338338338 3.12726695398422
0.93943943943944 3.10132888843074
0.940540540540541 3.075775928499
0.941641641641642 3.05059962824926
0.942742742742743 3.0257917859814
0.943843843843844 3.00134443552772
0.944944944944945 2.97724983791259
0.946046046046046 2.95350047336124
0.947147147147147 2.93008903364098
0.948248248248248 2.90700841471873
0.949349349349349 2.88425170972012
0.950450450450451 2.86181220217572
0.951551551551552 2.83968335954108
0.952652652652653 2.81785882697766
0.953753753753754 2.79633242138269
0.954854854854855 2.77509812565654
0.955955955955956 2.75415008319654
0.957057057057057 2.73348259260713
0.958158158158158 2.71309010261657
0.959259259259259 2.69296720719071
0.96036036036036 2.67310864083532
0.961461461461461 2.65350927407838
0.962562562562563 2.63416410912453
0.963663663663664 2.61506827567399
0.964764764764765 2.59621702689897
0.965865865865866 2.57760573557048
0.966966966966967 2.55922989032939
0.968068068068068 2.54108509209522
0.969169169169169 2.52316705060699
0.97027027027027 2.50547158109056
0.971371371371372 2.48799460104699
0.972472472472473 2.4707321271569
0.973573573573574 2.45368027229613
0.974674674674675 2.43683524265788
0.975775775775776 2.42019333497711
0.976876876876877 2.40375093385293
0.977977977977978 2.38750450916502
0.979079079079079 2.37145061358023
0.98018018018018 2.35558588014581
0.981281281281281 2.3399070199657
0.982382382382382 2.32441081995665
0.983483483483484 2.30909414068096
0.984584584584585 2.29395391425287
0.985685685685686 2.2789871423156
0.986786786786787 2.26419089408643
0.987887887887888 2.24956230446713
0.988988988988989 2.23509857221708
0.99009009009009 2.22079695818699
0.991191191191191 2.20665478361051
0.992292292292292 2.19266942845188
0.993393393393393 2.17883832980725
0.994494494494495 2.16515898035788
0.995595595595596 2.151628926873
0.996696696696697 2.13824576876076
0.997797797797798 2.12500715666535
0.998898898898899 2.11191079110857
1 2.09895442117423
