-0.1 5.92071611530581 2.11887307073605
-0.09 10.5824266892344 2.57219710975129
-0.08 11.869510086081 2.95765976212537
-0.07 32.7628455796967 3.85746890736724
-0.06 53.9787834747363 5.14311317769295
-0.05 50.4359238144182 4.88290106933999
-0.04 69.9369021526642 5.24091999638813
-0.03 147.263735126984 7.44823140962937
-0.02 269.519066436615 10.0085510767972
-0.01 398.342083664866 13.1181876536565
0 495.50678976342 14.368449211073
0.01 503.574770563097 13.696648624043
0.02 412.989629880597 12.4483509926945
0.03 257.753142104402 9.83778517259327
0.04 141.31680448196 7.47073578488723
0.05 116.261237567416 7.25815115579917
0.06 86.8243354920193 6.54867391416872
0.07 66.8879599746148 5.13546813226762
0.08 69.9437369586704 5.27222972353907
0.09 61.9961696198314 5.05136435913069
0.1 42.3252706142686 4.63632456430919
0.11 57.0365035059387 5.14037377373983
0.12 60.8938035163392 5.00289918798399
0.13 61.7233070686747 4.99553764512135
0.14 64.0702857732944 5.09699482082247
0.15 54.0012421152078 4.98722564501409
0.16 55.4622614404742 5.022851599024
0.17 101.997970856335 6.34592513138691
0.18 146.012958218326 7.69009198859994
0.19 148.992960923298 7.76337062205049
0.2 148.894026711179 8.34973190567159
0.21 151.559290256193 8.44263433550613
0.22 102.004472302561 6.5436501121486
0.23 71.6493607127814 5.68827654177572
0.24 86.510931295902 6.08804201200838
0.25 101.461041740351 6.87495604429778
0.26 79.9075482196408 6.22676099620993
0.27 73.7368616971085 5.58064764518526
0.28 70.7485849627061 5.47817073142682
0.29 73.4105079691331 5.54483020815863
0.3 82.5612048598154 6.40690348616946
0.31 101.083846436991 6.95297736487424
0.32 134.483078034613 7.43069772011723
0.33 170.666163020282 8.33533953369474
0.34 187.860215054885 8.79685266814865
0.35 226.13086067361 10.4562227970838
0.36 294.851480269647 11.6834068777856
0.37 340.949893252962 11.7397164539614
0.38 337.729403709181 11.6822111497813
0.39 313.582915780519 11.2650794659933
0.4 281.27604663568 11.3317335337283
0.41 209.006977729964 9.92532891120146
0.42 126.728562551555 7.25453087613502
0.43 87.4099556739622 6.16507701921003
0.44 68.5540419721841 5.31406980850232
0.45 41.26685313271 4.8428555667965
0.46 36.785684834535 4.58768016941758
0.47 41.2987977205276 4.59279931802527
0.48 40.7264531040241 4.63394127547748
0.49 48.7448074052923 4.78091019784074
0.5 65.9434077019886 5.58128746274047
0.51 80.512029562571 6.09221309137797
0.52 90.9873306898035 6.07642943748864
0.53 100.841566363094 6.4165510489091
0.54 98.9340435437156 6.35040035674431
0.55 80.8278165954972 6.09174572071709
0.56 92.8047829414272 6.40647294435071
0.57 104.182572019229 6.7418086219333
0.58 100.88927200297 6.7184882995712
0.59 107.965113352778 6.56402857931329
0.6 89.2459174496257 6.26507792501546
0.61 50.4300427904613 4.94405682902553
0.62 49.7528111455146 4.61208335982867
0.63 39.6437009416942 4.05222110702795
0.64 29.4690247993589 3.54584995174394
0.65 34.4001518483554 4.32556798707776
0.66 29.5729171161891 4.09328239755936
0.67 20.6391693075045 3.23108610533825
0.68 13.9898811456996 3.16394037722292
0.69 27.8846052508862 4.25858679638909
0.7 29.3031379710956 3.73223921257763
0.71 23.0450838544542 3.60940392066479
0.72 22.7933125263065 3.37816963096352
0.73 31.8428802772 3.57614158058014
0.74 46.1159154367476 4.32525848832052
0.75 37.3844323600882 4.43473770434249
0.76 24.5653254327596 3.75656486838442
0.77 17.1632136217978 2.63166162575703
0.78 15.9632789516619 2.82704624776402
0.79 36.9205649480963 4.15330278061418
0.8 28.6457235357699 3.87876275352736
0.81 30.7824799917064 3.74351846671798
0.82 22.8169973222732 3.00431510344051
0.83 6.33463884898031 2.21615439713082
0.84 4.92940033278025 1.87277076628099
0.85 12.4521061789506 2.43357102721638
0.86 15.5928242110677 2.99636028991741
0.87 10.2097906994515 2.84764590787886
0.88 16.1552795630893 2.94138332624887
0.89 24.5728602983991 3.11893567833928
0.9 18.7741331250928 3.16275379816096
0.91 6.96293162322801 3.0035752363111
0.92 11.8243687727288 2.96829616221736
0.93 31.8347207767802 3.6294239142137
0.94 49.2892301376798 4.14418052125985
0.95 54.2587324726211 4.28980070686683
0.96 52.6469035270831 4.48314960203121
0.97 41.0550818363873 4.0677062656126
0.98 27.5142172991362 3.76106687775793
0.99 13.9490606735095 2.95101872872312
1 4.98440877571002 2.2256505543984
1.01 17.5222099252279 3.07875251701459
1.02 38.0403980858614 4.00572198535278
1.03 28.6799751981564 3.57909483411046
1.04 13.3044579739092 2.86837816560428
1.05 22.0702898919176 2.82235323378858
1.06 24.8294875079363 3.33900042444587
1.07 24.4184830773812 3.22474317029402
1.08 31.0405588040842 3.25716011182785
1.09 26.5119748599094 3.12230617392404
1.1 19.4603856785394 2.87857911517469
1.11 13.2650655752684 2.82607327187884
1.12 12.6234811592222 2.65531240201247
1.13 13.7310898173074 2.40250101650155
1.14 4.34729360075614 1.86716457939123
1.15 2.96451970660316 1.62299928989362
1.16 14.0230605592754 3.00654129296328
1.17 19.8163871124447 3.17950781944412
1.18 11.3438235130329 2.4464255660866
1.19 18.7339100235254 3.05937267060105
1.2 26.0747442723756 3.25228038596216
1.21 16.1385935195721 2.63777770568376
1.22 17.2781092189465 2.73665238118904
1.23 14.6571873039871 2.78702998302632
1.24 15.0868304767398 2.69987968178587
1.25 14.8480800757814 2.80052324011126
1.26 24.7479855777324 3.51813291592639
1.27 46.582548701988 4.03542027926519
1.28 48.6808451468817 3.81507367818793
1.29 47.9063177000219 3.75447640497114
1.3 38.6270125199773 3.36570891308956
1.31 39.6617879668133 3.63138613637623
1.32 33.1115595053688 3.50012298132391
1.33 36.1591256866162 3.34034050589391
1.34 36.1664688789627 3.33547422331506
1.35 31.7114093643349 3.21246320759
1.36 48.3860529141608 4.08055780116235
1.37 40.2376793229194 3.78358758593732
1.38 43.4168079152917 3.57579537717448
1.39 52.0817469706597 3.85170760856875
1.4 49.4379313872174 3.7918493651084
1.41 45.5920901961072 3.88091136219157
1.42 45.1395656808312 3.84894673935405
1.43 50.0472187655526 3.77130135464796
1.44 58.7159246285012 4.04774970685807
1.45 61.602315503208 4.16019950815977
1.46 72.3909187542017 4.84931051988802
1.47 69.8882653637628 4.77368270337732
1.48 56.183687633344 4.11418359452979
1.49 58.9918015218613 4.19280506058696
1.5 83.7668503616599 4.81894311813243
