-0.1 17.3781497242902 3.2905764876777
-0.09 26.4000942315276 3.87677196541357
-0.08 13.9526201353276 2.91243363622998
-0.07 7.63370439361346 2.14186534996305
-0.06 13.556749638457 2.88152193141653
-0.05 14.964150200101 3.04008193004788
-0.04 23.9445425536574 3.45802867216569
-0.03 47.5742699262822 4.42283065640907
-0.02 88.9814109280687 5.78103033079208
-0.01 110.299213808391 6.87117010851723
0 123.828079523807 7.19663728882599
0.01 144.112286440583 7.32966579865007
0.02 120.591046470335 6.69961226720312
0.03 76.9007188741503 5.43930528539417
0.04 58.4799740621184 4.80644018763452
0.05 39.0892065294667 4.59359644429366
0.06 15.7785254240777 4.41265322852838
0.07 13.4576912485201 3.42164093921189
0.08 32.2543627920557 3.90750262277643
0.09 42.4962373520626 4.01070042001675
0.1 43.1122602591616 4.42071960815831
0.11 34.2787345650739 4.57565537462921
0.12 16.1784767649325 3.65402250273237
0.13 18.9749808551036 4.01922577991748
0.14 16.750011689304 4.22230038212785
0.15 19.8684923242807 3.64868966871505
0.16 25.0764259902619 3.75025233406799
0.17 24.3752197719009 3.7953626431082
0.18 36.3515019822192 4.04600081842232
0.19 37.8305803414456 4.15534557640527
0.2 58.8534492149251 5.39648866306107
0.21 80.2719643582491 5.97870370962511
0.22 52.6068596089241 4.83620003068628
0.23 43.0914937072112 4.33525859990467
0.24 45.342177745485 4.15640256167576
0.25 51.1982393810028 4.69596782791225
0.26 41.8067680250536 4.45553137787123
0.27 55.2370899052691 4.72436078281062
0.28 50.9810915173381 4.41786438135035
0.29 33.8681259225953 3.85379087832674
0.3 19.7041078242141 3.65706827706891
0.31 15.1407552147851 3.28985146467172
0.32 27.3267497760258 3.39471134222438
0.33 35.7843918313893 3.81348044207368
0.34 43.1083433443548 4.31068891709861
0.35 40.731403527097 4.76240690146914
0.36 41.0615686825895 4.92574694255835
0.37 58.5057314466934 5.38461605527475
0.38 90.4349921265201 6.18977167884087
0.39 98.6841393244549 6.24997970498032
0.4 83.128877235894 6.27161153181071
0.41 75.0446838442555 6.07606200638589
0.42 68.9241944023941 5.37352428734786
0.43 49.703434538927 4.53999263420851
0.44 44.0388799578117 4.37178838595752
0.45 64.1671309635205 5.66918319499665
0.46 43.7335723037999 4.84528735533778
0.47 36.7176023865353 4.37879985632033
0.48 46.8883501947099 4.72710285023954
0.49 36.2142054708656 4.18264458333318
0.5 17.7261953104315 3.64885568572443
0.51 10.7114197308053 2.92493276704184
0.52 21.0118823746275 3.09875698023007
0.53 41.4329623357014 4.55425507155892
0.54 34.1550475895597 4.65240936085236
0.55 37.9174981255348 5.01167615341236
0.56 41.3244007694546 4.86285113380368
0.57 28.1831328984484 4.05760870866811
0.58 38.1284101670696 4.67186303936832
0.59 70.0543013072528 5.93486166536058
0.6 59.6700063313151 6.1414508118689
0.61 38.6806866088077 5.04070792125404
0.62 28.6662799369833 3.72875473884658
0.63 16.5609900304244 3.09352151260127
0.64 14.9535486108068 3.17371188514115
0.65 21.9242335882503 4.0024292926211
0.66 9.68307617315695 3.05979565906377
0.67 1.87341662377227 1.70886445890899
0.68 6.61254098641879 2.38648581330842
0.69 19.0196374532296 3.50767991401672
0.7 24.4346769475265 3.9835782472537
0.71 19.9833969144497 3.93464029495449
0.72 42.9098247510009 4.69661884617224
0.73 50.9494632652079 5.04944645074449
0.74 36.3803484108565 4.49011447253058
0.75 16.8578034237203 4.19563268474776
0.76 13.1357603658932 4.1171439805247
0.77 15.6342231746873 3.36727954518965
0.78 6.9472744281528 3.05764131303141
0.79 3.27016950698828 3.24725973911468
0.8 16.221828507474 4.21509921430339
0.81 17.7531062010665 4.63449198318926
0.82 14.9187587976741 4.46497413162178
0.83 22.7929656509272 4.53858081901404
0.84 24.8209618642165 4.44783103580049
0.85 9.82495813166111 5.17451023534049
0.86 16.4154962781866 5.41264523973143
0.87 7.68575228022496 4.2992434662928
0.88 5.64244541407747 3.50271829153048
0.89 4.02331424445964 2.62598118796587
0.9 2.08373460472789 2.14457606917726
0.91 12.1380733394468 3.05503525020413
0.92 55.9462024388465 5.68164755639681
0.93 55.7500606552094 5.39941119872989
0.94 32.1838348149537 4.53703947092341
0.95 27.0538839376544 4.53569233437123
0.96 23.3398715118383 4.12449933353712
0.97 13.8553101479675 2.95217937414139
0.98 25.9714046037281 3.80132911479773
0.99 15.0370341649137 3.00693280653348
1 19.2054066211038 3.34081563667538
1.01 16.8914150887187 3.94544404119004
1.02 4.42191370263155 3.23294781300905
1.03 30.8598451293008 4.0884022146443
1.04 38.8623497817859 4.47529899250914
1.05 19.4556926500929 3.91067261478654
1.06 14.8177282801918 4.08926048520794
1.07 22.7266263087216 3.94576786010157
1.08 24.9220035939385 3.87962898896506
1.09 14.6462085971189 3.43553866711271
1.1 5.67812927785093 3.03694114409933
1.11 7.17303762527805 3.38276884046792
1.12 9.91372721759463 2.95009987268011
1.13 14.5483186936134 3.5894726068883
1.14 21.5456920729993 4.20924184913434
1.15 18.3760711735591 3.85350231561203
1.16 12.8361954411466 4.36540757855347
1.17 30.3984260801121 4.73743425692711
1.18 25.7945157634265 4.4498152228704
1.19 13.4679192704769 3.6108614281034
1.2 32.1153422320803 4.12180905797228
1.21 55.4984980723915 5.78621029412026
1.22 32.025808861627 4.64533840064786
1.23 10.6525752844029 3.18572981659808
1.24 10.3493642607037 4.13258563423847
1.25 41.484256030163 5.13336421791363
1.26 70.2580479430734 6.54853665520903
1.27 55.1284979977884 5.68591865328839
1.28 20.6554793539441 3.8838276105394
1.29 21.9602635554374 4.2947728041697
1.3 31.2394693536627 4.69723404286464
1.31 38.4816971223471 4.87780176941045
1.32 63.866086803272 5.65252132884543
1.33 47.5781999714028 4.59187679513122
1.34 44.3775910774007 4.44885015250269
1.35 51.3967205320132 4.73318232210035
1.36 26.6153505350662 4.01639293114697
1.37 19.5921045101004 3.89102684628556
1.38 21.5880901385701 3.65244255110147
1.39 30.2969054962997 3.80791660060409
1.4 24.5912296737899 3.84787718733001
1.41 3.74759763063229 3.6168141120338
1.42 16.1105388006734 3.32045463965824
1.43 19.6045697943474 3.47035417242496
1.44 19.3614851340659 3.65308100419648
1.45 18.1910785670496 4.62918796981648
1.46 37.7159850858192 5.7027053888851
1.47 45.338217241295 4.67122429293269
1.48 5.92708160521376 3.64941478579792
1.49 18.063642765238 3.56596160356765
1.5 28.1168226922635 3.65483613698234
