-0.1 19.1859980203665 2.85906795918426
-0.09 18.6357370391935 3.19856531759623
-0.08 8.68458226130505 2.90727458502333
-0.07 18.7971465736124 3.0302129257223
-0.06 27.5821689851045 3.81728652367658
-0.05 38.21475568132 7.47990376395588
-0.04 50.2418246359004 5.42049195707824
-0.03 45.889226038796 4.33787033149843
-0.02 42.1988920082689 4.17931283009927
-0.01 71.0095361381476 5.60439923354401
0 96.3643150537571 6.57119689808178
0.01 86.6153669825681 5.80583209164268
0.02 82.8637506551644 5.58045613156138
0.03 60.2329702255306 4.67589695051259
0.04 32.4555293551802 3.86588041635586
0.05 32.395616669347 4.3863843037698
0.06 17.9147587538118 3.59920814510658
0.07 21.7818609972101 3.04315178780545
0.08 35.1999818132059 3.77665332720541
0.09 43.7967270232109 4.17703085805954
0.1 43.3310473691899 4.0821940569436
0.11 19.4820604892375 3.00831862051182
0.12 18.0373424957144 3.1877499200394
0.13 22.9895366915571 3.5868944537567
0.14 20.8256166429486 3.16653790239734
0.15 14.2414856805486 2.74398424295608
0.16 10.8180784355603 2.93329757052782
0.17 24.5405726267014 3.40338039986426
0.18 38.6351907228153 3.96983359728083
0.19 35.8589236606524 3.9294316976257
0.2 30.779673780517 4.11731765241503
0.21 48.977304068178 4.78209549052425
0.22 46.439732725828 4.28543147318733
0.23 35.5249654936882 3.9375339984715
0.24 35.858863662902 3.97452470970474
0.25 43.5873392948757 4.49391973073824
0.26 51.4390378703087 4.80604607398579
0.27 46.4954306214798 4.53475393205273
0.28 36.1653296361606 4.26392694152962
0.29 23.6309841532631 3.43619872264115
0.3 14.1821783179322 3.14700939625366
0.31 15.655469985782 3.55003952512699
0.32 9.32713011908336 2.36859138806367
0.33 2.71914493302112 2.84396247795114
0.34 26.7187440354745 3.94622039867448
0.35 42.3233543370545 4.62635529829328
0.36 39.255788521377 4.57178052284547
0.37 41.8595661170465 4.41619043881686
0.38 41.8866510445773 4.27932952011416
0.39 31.92727840455 3.62783482060295
0.4 18.8004379292817 3.08604420542277
0.41 36.8951408590982 3.95453597812802
0.42 42.2416052839958 4.14641979262712
0.43 35.2687062433337 3.768384824609
0.44 26.9938220396546 3.20757892194188
0.45 13.0315191759241 2.67643920235823
0.46 11.7222579193333 2.5800965275778
0.47 7.23760643113073 2.19575910364718
0.48 5.03737089101868 2.829805634585
0.49 8.90796538499621 2.76107443373794
0.5 5.26050133352557 2.23969277534125
0.51 16.7232352478007 2.90937071079394
0.52 19.0583963588847 3.40761760924245
0.53 29.5017008516503 3.94960502294329
0.54 39.5380157001695 4.39992600323525
0.55 34.3041571921435 4.28970132780144
0.56 47.8031225836376 4.84931457788393
0.57 44.7947826630315 4.51864812728975
0.58 38.1662393118684 4.0673221537052
0.59 33.916961434555 3.97699344227851
0.6 30.5648148368362 4.19240374680144
0.61 32.2324894763163 3.98775343877407
0.62 14.2513973136618 2.69596142434535
0.63 4.46176762853632 2.06351589425794
0.64 5.22014700211489 1.9272817153198
0.65 8.50305690781264 2.08402295849662
0.66 10.8771320237883 2.72184857923541
0.67 11.6380622025473 2.75931409918546
0.68 5.49261641717037 1.68013287107736
0.69 8.86557823467956 2.26240792288358
0.7 26.657639136621 4.38824237312597
0.71 21.0425587595712 3.49962532742495
0.72 8.76539319295718 2.70547358617623
0.73 11.0944386238761 2.96161783546339
0.74 22.1612778654395 3.60413029126173
0.75 24.092602709005 3.90765428424758
0.76 26.7887921539396 4.36240876567795
0.77 19.4395164107168 3.71879572240917
0.78 29.1308334852992 3.85243533431856
0.79 24.9207196546906 3.28855516189332
0.8 0.369945941230623 1.93993885178412
0.81 7.5040866134583 3.66413754412446
0.82 19.150808854159 3.77474860849802
0.83 22.7396254698273 3.60533384822927
0.84 23.6574531970766 3.76469297439758
0.85 18.0761512073054 3.47084371198239
0.86 3.38073728852248 3.49999365224028
0.87 4.24314591453315 4.51225493606889
0.88 11.6399048076023 4.78503814025717
0.89 12.6161676690725 3.70904307294153
0.9 13.6471974484304 3.38122708192053
0.91 18.7813766779493 3.63850368895275
0.92 14.7454807833921 3.50023618375103
0.93 28.1306449033809 4.24497650937384
0.94 26.1462797213056 4.53402695693468
0.95 15.6246025273323 3.36763747453648
0.96 3.28171281764502 2.96949075829382
0.97 16.2408381661606 3.98398190335285
0.98 23.8350913284127 4.08596938657279
0.99 20.5925567860364 3.53344800154197
1 15.2078907071113 3.31442053751278
1.01 20.3772972647118 3.82431212061054
1.02 20.5079623825254 3.39074871053186
1.03 22.5562408451164 3.56038160744533
1.04 21.0430756790157 3.63902250099011
1.05 10.3331231839975 3.73695132827342
1.06 7.27889024503548 3.23342789355078
1.07 12.7573601911833 3.48089664746977
1.08 10.8942989442891 3.41681616270267
1.09 17.744110515969 3.61975125692099
1.1 14.9608526480122 2.88744353338954
1.11 5.96943878171047 2.4848188089393
1.12 11.6941095825103 3.96621626463258
1.13 19.5533885055978 4.20104450111739
1.14 25.7058753950441 4.35430355455757
1.15 24.6322236701827 3.92727034868371
1.16 35.7464499839804 4.67368623090495
1.17 24.8105622067388 4.07903853489071
1.18 8.60776566366815 2.63904060632605
1.19 9.59239983607419 2.8631284208162
1.2 9.66713244112348 3.01405203537668
1.21 15.2704703301526 3.6177687085723
1.22 41.2611198263315 5.8364137498376
1.23 45.9519991265335 6.48610662872269
1.24 19.1276108827107 4.90909930216305
1.25 51.9806011089877 5.23950728785001
1.26 62.5331710833786 6.20379060174899
1.27 34.3266770989224 4.99989932628386
1.28 24.2221708239061 5.69137867670287
1.29 38.1222525427211 5.94963830312108
1.3 30.8380408763091 5.32475269886048
1.31 46.4816311549897 7.03166797363917
1.32 32.3049824516846 6.10225767861124
1.33 38.6858992956502 5.55624502311457
1.34 45.0314089730878 5.54847174666346
1.35 27.8747964139194 4.64927954889501
1.36 24.6523380181473 4.41785051607676
1.37 38.2121177965956 4.86679610198759
1.38 35.438274889339 4.43298593811502
1.39 19.2001896984608 3.50437364401187
1.4 9.15674465721288 3.22864829010246
1.41 4.76300617659544 4.4246869630377
1.42 47.9737129341385 5.74006553916687
1.43 44.7200174052209 4.9736294536074
1.44 15.7289813280648 3.60310991536621
1.45 28.9895147061697 4.27191978749661
1.46 24.6235115185046 4.82169198733339
1.47 23.61508838927 4.45144151567101
1.48 27.5690196834117 4.08113752991207
1.49 17.9870461301633 3.74602771115305
1.5 21.3615859823609 4.07171453944092
