280.1009 0.214541071958896
280.1995 0.181844863441336
280.3001 0.177928626558803
280.3998 0.171645351628565
280.4999 0.16792482843276
280.6002 0.163848088134763
280.7002 0.160517749621418
280.8 0.156386452457628
280.9004 0.153484453205442
280.9995 0.14912972088681
281.1005 0.145932356265557
281.199 0.140970598175351
281.3009 0.135849899967971
281.4019 0.13157919399665
281.4993 0.126006905260461
281.5999 0.121442170669677
281.7007 0.115738068441333
281.7997 0.111489157135913
281.9007 0.106432941437143
281.9993 0.102262951113137
282.1021 0.0962967718257106
282.1988 0.0905987146034411
282.3004 0.0851356914503673
282.3991 0.0807456566416099
282.5004 0.0771968633955417
282.6002 0.0734362489043749
282.6999 0.0707205351473827
282.7992 0.0669896736058276
282.8994 0.0633070481108183
282.9983 0.0588464879098447
283.1019 0.0556710553976621
283.2001 0.0517739950364677
283.2998 0.0501212268021845
283.398 0.0478215507628257
283.4992 0.0460951368859519
283.5998 0.0452639531968485
283.7006 0.0447904674119571
283.8005 0.044796471428635
283.8999 0.0459834461230229
283.9987 0.0482576568090603
284.1007 0.0521690995265202
284.2001 0.0597715126689279
284.3009 0.0763864009352668
284.3997 0.123474578186337
284.5012 0.170378844839733
284.5997 0.230637521089595
284.7006 0.318593408554908
284.799 0.392586813857904
284.9001 0.616432536181396
285.0007 0.825230216733395
285.1017 1.05538820058335
285.1997 1.25840340552119
285.3001 1.39911629883133
285.3995 1.520609914596
285.4995 1.61934281862747
285.5992 1.69161956570069
285.6979 1.73538878377094
285.8002 1.68840690204033
285.9 1.55664116283139
285.9996 1.31023177953099
286.0997 1.08859985255987
286.2003 0.959403158853999
286.3004 0.917253769112735
286.4004 0.883361284108987
286.5017 0.86406737236476
286.5995 0.830335099901118
286.6998 0.795464389029097
286.8017 0.759319140099085
286.8992 0.729741843124943
287.0004 0.701801322089334
287.0988 0.679680474794251
287.2009 0.666028079069082
287.299 0.648022796910123
287.4006 0.629563689152325
287.5011 0.616882816605369
287.6008 0.601319020149514
287.7003 0.586172312718896
287.8013 0.576147559842366
287.9 0.56727164408467
287.9992 0.554262312095846
288.1016 0.544109205868256
288.1999 0.532000729542194
288.3009 0.520371327011163
288.4018 0.51034063330137
288.4998 0.503041365386927
288.6005 0.494606455083903
288.6993 0.485746583416416
288.8001 0.478585146369472
288.8997 0.468807294310046
289.0016 0.45496589620974
289.0996 0.445671683901401
289.198 0.438830895165539
289.3003 0.432440782860533
289.3998 0.426135466427873
289.5005 0.422577241544945
289.6004 0.415207166266357
289.7003 0.40714579007471
289.7996 0.402169758986068
289.9002 0.400324445230756
289.9989 0.39987618397789
290.0991 0.401498848377185
290.1995 0.406066426236506
290.2994 0.410386598861097
290.399 0.414939672253143
290.4996 0.420435154006414
290.601 0.430535690114865
290.7004 0.442711494563178
290.7991 0.457124936437107
290.8992 0.475674066515909
291.0014 0.494385948196716
291.0994 0.510334180973179
291.1988 0.530290194791395
291.2998 0.555817277249008
291.4006 0.588506774926718
291.5015 0.630288039213945
291.6004 0.682373239535882
291.7004 0.733055224163246
291.7993 0.764560259935048
291.9001 0.770832799538504
292.0002 0.762871170191321
292.0985 0.754556310668327
292.1984 0.755101257163772
292.2997 0.764896304274366
292.4 0.776288042807115
292.5008 0.785857870331152
292.6013 0.796062480162002
292.7005 0.802215063747076
292.7997 0.808069216895968
292.9025 0.813707247147435
292.9998 0.825044076783586
293.0987 0.830963633480157
293.2 0.834264129879126
293.3003 0.838269509915745
293.3995 0.842157677813147
293.4987 0.846755252507101
293.6007 0.849847245796702
293.6997 0.854547983441723
293.8005 0.858455015968708
293.9003 0.860395037200969
294.0005 0.865310101732963
294.1011 0.870761218379019
294.2006 0.877764576544075
294.2997 0.882775377142966
294.3991 0.887607275735408
294.5004 0.890790518628743
294.6001 0.890120243484895
294.7013 0.892006009613496
294.7981 0.893007600321776
294.8997 0.89295579659275
294.9994 0.892480181456639
295.0996 0.892620600736389
295.1999 0.888446875839176
295.2978 0.879529172084785
295.3992 0.871395409635645
295.499 0.863740976641495
295.6002 0.855472543412764
295.699 0.847857811944348
295.8004 0.840048136941292
295.9008 0.832766457689871
296.0005 0.825941821694829
296.0999 0.818191688143404
296.1999 0.807715669100274
296.3 0.799050976239937
296.3984 0.802483798328185
296.4997 0.789723593985031
296.5994 0.767453960833872
296.6997 0.746720365173987
296.7996 0.733934305079906
296.9004 0.720438821664489
297.0012 0.70717414309068
297.0996 0.694122373778048
297.2014 0.681667407012263
297.2994 0.670212007795053
297.3995 0.660057728178371
297.501 0.651325101929421
297.5986 0.643500734283458
297.6998 0.636338693767878
297.7994 0.628425105727724
297.8991 0.622511898885846
298.0003 0.617225542187632
298.0991 0.612864312337803
298.2004 0.609551711291831
298.3004 0.606903316640349
298.3994 0.604185276484776
298.5001 0.601073921279806
298.5996 0.597777100250013
298.7005 0.594118148672875
298.7996 0.590749177580911
298.8985 0.586926086492364
298.9997 0.583396609700661
299.0994 0.580361640180109
299.199 0.576897698664142
299.3002 0.573580318123762
299.4 0.569829252596614
299.4991 0.567599271733258
299.6004 0.56604605743777
299.7015 0.564581943005981
299.7995 0.563671109927965
299.8992 0.563746892852962
300.0009 0.563752446716647