-0.1 17.7552471663685 5.93247287998922
-0.095 14.5578385945113 5.37690004361908
-0.09 11.3604300226541 4.82132720724894
-0.085 10.6901591668457 4.72689555883466
-0.08 14.5517944945662 5.45942659943623
-0.075 18.4134298222867 6.1919576400378
-0.07 22.1751502082002 6.39934844415563
-0.065 21.2082653194613 5.03680684583346
-0.06 16.2126394336866 4.14336547395249
-0.055 11.2170135479119 3.24992410207152
-0.05 6.22138766213721 2.35648273019056
-0.045 1.22576177636253 1.46304135830959
-0.04 11.9959383264678 4.4079598997099
-0.035 12.8872424994148 5.12324113647401
-0.03 20.4838767213629 5.12207345351027
-0.025 36.1445176397494 6.24970958635047
-0.02 51.805158558136 7.37734571919068
-0.015 90.2739017820735 9.65993825760834
-0.01 132.328008921157 11.980757431344
-0.005 139.130628540572 14.2660039822886
0 176.021347670029 15.5710369811577
0.00499999999999999 166.887223275873 13.3020379136086
0.01 160.615045874584 13.0835341362814
0.015 177.954711020139 13.7258272582855
0.02 142.750224622249 12.5455178442275
0.025 80.6094762727202 9.65909766078557
0.03 79.6403304236045 9.17286938314929
0.035 61.2849580972159 8.73518014324878
0.04 27.1324983100262 6.53587611429897
0.045 21.160477092837 4.81639212904561
0.05 28.6562845685263 6.33188973363637
0.055 8.79189731200459 3.61716661718011
0.06 4.01357727539916 2.61324416372159
0.065 2.87767844962857 2.33962050300208
0.07 3.57962885719368 2.71080080510865
0.075 4.4284984831872 3.04338697961845
0.08 4.61913040690762 2.59252902036418
0.085 4.56309537882044 2.65690961812191
0.09 20.7841725733767 6.10509009814788
0.095 24.9736457686035 6.55274253749192
0.1 14.2868798874212 3.96591610706259
0.105 3.60011400623884 1.37908967663326
0.11 7.40515659131261 3.101797588452
0.115 12.1597555652477 4.36291847374806
0.12 13.922138983419 4.57510055515299
0.125 16.4181806148974 5.28291225393433
0.13 31.1076101110161 5.47350899561761
0.135 50.9551280874938 7.45170183307016
0.14 44.389543472484 6.89404006422266
0.145 40.1609617176382 6.90419910949509
0.15 35.9898840578713 7.72007112674307
0.155 70.1123581372944 9.85415940335346
0.16 164.462036903237 13.1623551585961
0.165 228.561892693479 15.3948116035762
0.17 319.705205970227 18.1451466489862
0.175 485.827131168635 22.4072024995739
0.18 673.328241521916 26.4605880623625
0.185 814.608487457858 29.0282127567797
0.19 882.453564766668 30.153723376625
0.195 921.193514041662 30.7920827614634
0.2 979.950071923492 36.5517148642946
0.205 982.638716468006 36.7238819943079
0.21 871.615605090086 29.9178880988692
0.215 711.645529152537 27.0426338194753
0.22 554.375145966193 23.8688767781734
0.225 386.514088008259 19.9289251856845
0.23 243.621172697094 15.9156844331971
0.235 151.781727553878 12.7399352898036
0.24 84.8703139665441 9.96501214594927
0.245 39.2786346148233 6.83806823995476
0.25 19.9883857521441 5.27081265430228
0.255 19.6473758288121 5.18822874264999
0.26 9.6454330744895 3.16048883898489
0.265 12.0627282423611 3.56072281790444
0.27 22.0950988252557 4.8560810217842
0.275 29.0625940966053 5.93293514995174
0.28 17.1513307149938 4.0949598437717
0.285 8.24107254857931 2.69699823860895
0.29 23.2028176991525 5.45924518327103
0.295 23.0276912285762 6.01381834950847
0.3 13.5373797902621 5.08661651299337
0.305 12.4371490787294 4.60695754923371
0.31 11.3369183671967 4.12729858547404
0.315 10.236687655664 3.64763962171438
0.32 9.13645694413134 3.16798065795472
0.325 6.32118269795409 2.63193977228234
0.33 4.77984185495897 2.8965788045248
0.335 8.32264368319164 3.98714411545092
0.34 12.1730683275898 4.95406051784653
0.345 11.1846156589544 4.65151187150241
0.35 15.8411400152616 4.80362890469677
0.355 12.3830780699869 4.98893300474626
0.36 6.37804059793171 3.18287627720347
0.365 1.42862784027214 1.69613818620801
0.37 14.2721352790024 4.66892812888889
0.375 27.4346794859271 6.94261134084594
0.38 37.5846232092551 6.7762897958132
0.385 36.4131185195965 6.69823610519212
0.39 17.2688736610831 5.52357525562803
0.395 8.73537198670298 3.62768824174082
0.4 19.9797663647914 6.27818938619686
0.405 7.74195701684967 3.21215829148528
0.41 1.91471252752174 1.95178942866603
0.415 3.10360691628061 2.46947715840231
0.42 5.39587847370052 3.00433619622224
0.425 9.65591709840053 3.63741543665806
0.43 13.9159557231005 4.27049467709389
0.435 14.7964310052277 4.30750490722522
0.44 9.2471230910129 3.21046493091824
0.445 3.69781517679808 2.11342495461127
0.45 3.45081348145608 2.17111333672695
0.455 7.0434128411597 3.0649843232176
0.46 10.6360122008633 3.95885530970826
0.465 14.228611560567 4.85272629619892
0.47 17.8212109202706 5.74659728268958
0.475 18.9169930523721 6.06966989472509
0.48 14.7070385758197 5.17979596104353
0.485 10.4970840992673 4.28992202736195
0.49 6.28712962271481 3.40004809368038
0.495 5.97527628133319 3.27447634183845
0.5 7.87519819219578 3.58256821041336
0.505 9.77512010305838 3.89066007898828
0.51 11.675042013921 4.19875194756319
0.515 13.5749639247836 4.5068438161381
0.52 15.4748858356462 4.81493568471302
0.525 17.3748077465088 5.12302755328793
0.53 19.2747296573714 5.43111942186285
0.535 21.174651568234 5.73921129043776
0.54 23.0745734790965 6.04730315901267
0.545 24.9744953899591 6.35539502758759
0.55 26.8744173008217 6.6634868961625
0.555 28.7743392116843 6.97157876473742
0.56 30.6742611225469 7.27967063331233
0.565 32.5741830334095 7.58776250188724
0.57 34.4741049442721 7.89585437046216
0.575 36.3740268551347 8.20394623903707
0.58 38.2739487659973 8.51203810761199
0.585 40.1738706768599 8.8201299761869
0.59 35.3373173202005 7.99367898755952
0.595 3.82397608635817 2.73723031364603
0.6 6.00742443778702 3.341254323846
0.605 7.75253815407584 3.69756251524465
0.61 9.49765187036469 4.0538707066433
0.615 11.2427655866535 4.41017889804196
0.62 12.9878793029424 4.76648708944061
0.625 14.7329930192312 5.12279528083927
0.63 16.4781067355201 5.47910347223792
0.635 18.2232204518089 5.83541166363658
0.64 19.9683341680978 6.19171985503524
0.645 21.468250768677 6.49883757183123
0.65 21.3272328256605 6.47675749705559
0.655 21.1008337936383 6.43362450836216
0.66 17.6759278119433 5.60181697521116
0.665 14.2510218302484 4.77000944206017
0.67 10.8261158485534 3.93820190890918
0.675 7.40120986685837 3.10639437575818
0.68 3.97630388516337 2.27458684260719
0.685 3.34349957099817 1.98738174805468
0.69 7.48987930968572 2.70326612977323
0.695 6.64550911295016 2.53280558021619
0.7 5.80113891621461 2.36234503065915
0.705 4.95676871947904 2.19188448110211
0.71 4.11239852274348 2.02142393154507
0.715 3.26802832600791 1.85096338198803
0.72 2.42365812927235 1.680502832431
0.725 1.57928793253678 1.51004228287396
0.73 0.975015164837572 1.38215440721696
0.735 2.55475139367351 2.05253675223146
0.74 4.61246373771071 2.92905873272411
0.745 5.04328199518475 3.12899603857913
0.75 4.66552414975605 2.99266670973397
0.755 4.28776630432736 2.85633738088881
0.76 3.91000845889866 2.72000805204366
0.765 3.53225061346997 2.5836787231985
0.77 3.15449276804127 2.44734939435335
0.775 2.77673492261258 2.31102006550819
0.78 11.8869779613953 3.96322380088013
0.785 18.7551174460016 5.02062600567654
0.79 5.14603736330807 2.6079635153123
0.795 10.6550220152238 4.13918827157529
0.8 15.5903262767189 5.51496830053093
0.805 15.1234735284172 5.42697714734203
0.81 14.6566207801156 5.33898599415313
0.815 14.189768031814 5.25099484096422
0.82 13.7229152835124 5.16300368777532
0.825 13.2560625352108 5.07501253458642
0.83 12.7892097869091 4.98702138139751
0.835 12.3223570386075 4.89903022820861
0.84 9.77130611998935 4.32294689236042
0.845 6.93293160186367 3.67381704038193
0.85 6.70805703623776 3.60509757670931
0.855 6.48318247061185 3.5363781130367
0.86 6.25830790498594 3.46765864936409
0.865 6.03343333936003 3.39893918569148
0.87 5.80855877373413 3.33021972201887
0.875 5.58368420810822 3.26150025834625
0.88 5.35880964248231 3.19278079467364
0.885 5.1339350768564 3.12406133100103
0.89 4.90906051123049 3.05534186732842
0.895 4.68418594560459 2.98662240365581
0.9 4.45931137997868 2.91790293998319
0.905 4.23443681435277 2.84918347631058
0.91 4.00956224872686 2.78046401263797
0.915 3.78468768310095 2.71174454896536
0.92 5.70690565128209 2.90343117309903
0.925 7.73738038587358 3.10824751594562
0.93 9.76785512046512 3.31306385879221
0.935 11.7983298550567 3.5178802016388
0.94 13.8288045896482 3.72269654448539
0.945 15.9780664184375 4.17936135083829
0.95 18.3052757359889 5.01330453016751
0.955 20.6324850535402 5.84724770949673
0.96 22.862238041475 6.65728339298438
0.965 15.4438143973924 5.10047698816165
0.97 8.02539075330975 3.54367058333893
0.975 4.24212157239551 2.77818942086845
0.98 6.38989388401911 3.30381786434112
0.985 8.53766619564271 3.82944630781378
0.99 10.6854385072663 4.35507475128644
0.995 12.8332108188899 4.8807031947591
1 14.5199677486608 5.28490742893601
1.005 12.8259452115124 4.79866746161081
1.01 11.1319226743639 4.3124274942856
1.015 9.4379001372154 3.82618752696038
1.02 7.74387760006698 3.33994755963518
1.025 6.04985506291855 2.85370759230999
1.03 5.51067610615402 2.73167264279712
1.035 6.31085331547487 3.032032764454
1.04 7.11103052479576 3.3323928861109
1.045 7.9112077341166 3.63275300776778
1.05 8.71138494343749 3.93311312942468
1.055 9.51156215275834 4.23347325108156
1.06 8.37657275474053 3.99067863546186
1.065 5.64542403826086 3.29988047741695
1.07 3.88752030210357 2.58725060262304
1.075 2.15971692616253 1.87394552009466
1.08 9.44744562529388 3.86416519394223
1.085 13.197563678192 5.00778336910113
1.09 12.1403930520779 4.75877335424083
1.095 11.0832224259637 4.50976333938052
1.1 10.0260517998496 4.2607533245202
1.105 8.96888117373547 4.0117433096599
1.11 7.91171054762135 3.7627332947996
1.115 6.85453992150719 3.51372327993928
1.12 5.79736929539302 3.26471326507897
1.125 4.7401986692789 3.01570325021866
1.13 3.68302804316478 2.76669323535836
1.135 2.62585741705062 2.51768322049805
1.14 7.55293912942461 3.69800223157363
1.145 10.1894019253178 4.44794156463262
1.15 6.09724131492046 3.63706114830817
1.155 2.73042608916021 2.96286585652978
1.16 4.37905158984397 3.23378740821258
1.165 6.0276770905278 3.5047089598954
1.17 5.82445588284889 3.30480908409922
1.175 3.41201404063136 2.54322750534549
1.18 2.67670780705208 2.2386164659404
1.185 2.17444319562988 1.99750247186622
1.19 1.67217858420771 1.75638847779206
1.195 1.25865530775969 1.55650706580191
1.2 1.13107580363875 1.42335296245893
1.205 0.965040559331722 1.23975790301455
1.21 0.799005315024703 1.05616284357017
1.215 0.632970070717685 0.8725677841258
1.22 0.466934826410659 0.688972724681419
1.225 0.300899582103633 0.505377665237037
1.23 0.134864337796614 0.321782605792664
1.235 4.82852672787494 1.49660495335154
1.24 20.543856301823 5.75228246581386
1.245 22.6782755917249 6.3454737336131
1.25 19.7385086216537 5.57026354736245
1.255 16.7987416515824 4.79505336111179
1.26 13.858974681511 4.0198431748611
1.265 10.9192077114398 3.24463298861045
1.27 7.97944074136838 2.46942280235976
1.275 5.03967377129713 1.6942126161091
1.28 2.09990680122574 0.919002429858414
1.285 0.52056619241958 0.588769630075303
1.29 1.94114012383897 1.239769015836
1.295 3.3617140552583 1.89076840159667
1.3 4.7822879866777 2.54176778735737
1.305 6.20286191809703 3.19276717311803
1.31 7.59757643784406 3.80950860036937
1.315 8.52085399094867 3.80170109171897
1.32 9.44413154405332 3.79389358306857
1.325 10.3674090971579 3.78608607441818
1.33 11.2906866502626 3.77827856576778
1.335 12.2139642033672 3.77047105711739
1.34 13.1372417564718 3.76266354846699
1.345 14.0605193095764 3.7548560398166
1.35 18.2220866484481 4.63759717412556
1.355 26.9657642413522 6.78044544478592
1.36 30.0511633758456 7.59067698391351
1.365 29.1060079920185 7.4516472896204
1.37 28.1608526081914 7.31261759532729
1.375 27.2156972243643 7.17358790103418
1.38 26.2705418405372 7.03455820674107
1.385 25.3253864567101 6.89552851244796
1.39 24.380231072883 6.75649881815485
1.395 23.4350756890559 6.61746912386174
1.4 22.4899203052288 6.47843942956863
1.405 21.5447649214017 6.33940973527551
1.41 20.5996095375746 6.20038004098241
1.415 19.6544541537475 6.0613503466893
1.42 18.7092987699204 5.92232065239619
1.425 17.7641433860933 5.78329095810307
1.43 16.8189880022662 5.64426126380997
1.435 15.8738326184391 5.50523156951685
1.44 14.1422640934741 5.16987892267371
1.445 10.3682844609499 4.32465155733742
1.45 6.59430482842585 3.47942419200117
1.455 5.8823709784669 3.35004936784205
1.46 6.83377064002475 3.6095327141989
1.465 7.74127841402593 3.85750912182603
1.47 18.6506750156361 5.95721601256115
1.475 18.5778977672801 5.95598051818817
1.48 17.6680818718754 5.79069064598053
1.485 16.7582659764707 5.62540077377288
1.49 15.848450081066 5.46011090156524
1.495 14.9386341856612 5.2948210293576
1.5 14.0288182902565 5.12953115714996
