-0.1 37.9707949315335 9.10452190929808
-0.095 15.2699870171742 4.44578648239335
-0.09 19.1766523595846 4.50638886555553
-0.085 19.7314910155296 5.79767154849854
-0.08 38.8738675730545 7.09602286451908
-0.075 29.340514070676 5.36260754540455
-0.07 4.05252639274497 2.61297303819699
-0.065 2.62567016814649 2.43298178301469
-0.06 2.65584212037033 2.52112728872025
-0.055 24.898163844144 6.35220859136309
-0.05 42.0946324227591 8.01063111726626
-0.045 48.1949322680173 7.49845027953749
-0.04 58.4867311940743 8.05572643570707
-0.035 93.9595369449104 10.1236794876219
-0.03 142.849698007087 12.5356630658013
-0.025 162.707841207552 13.2753083087601
-0.02 195.345762266511 14.4348669896735
-0.015 246.113613398497 16.2479157899906
-0.01 270.57906303505 16.9448378341779
-0.005 296.505942729132 20.7882104826845
0 310.45981392696 20.8439872931994
0.00499999999999999 311.119680350226 18.1482983763487
0.01 261.068132431198 16.7050526257895
0.015 190.109165141007 14.3300143244261
0.02 104.854797664736 10.4788120641876
0.025 36.2315184881169 6.81576837243287
0.03 19.2470446869983 5.71948952233337
0.035 39.1712061702101 7.00902836609112
0.04 43.778786406211 6.8830044559618
0.045 42.370425073042 6.7796624690494
0.05 27.0076480340329 6.19305328754785
0.055 31.0173157802113 6.76188663787134
0.06 14.7187161824094 3.8784855310535
0.065 30.4804743816195 5.36273551036061
0.07 34.1266152366411 6.30887738391023
0.075 39.1053443229412 6.73432701407332
0.08 28.2321972611646 6.12921286788952
0.085 15.7407772734091 5.67640431469684
0.09 27.282322593268 6.62358355948095
0.095 61.894496121342 8.42191820607321
0.1 78.1745920544048 11.4692131316585
0.105 86.2560965687751 11.0059266187997
0.11 92.3996398790131 9.94326814238293
0.115 91.3731761728637 10.0744727844206
0.12 99.6207738094085 10.3019907734001
0.125 134.202700716944 11.702151776412
0.13 171.109692825579 13.2204651050973
0.135 201.647799495127 14.342127929094
0.14 223.476266436895 15.0984411458036
0.145 242.66025317756 15.8340734000284
0.15 313.230834136842 21.209602041595
0.155 502.901532433403 25.4540055415186
0.16 803.004490961877 28.5798731450774
0.165 1131.78324707725 33.873396412438
0.17 1355.31603654845 37.0541193077519
0.175 1507.00290686301 39.048252762605
0.18 1626.55770764773 40.5556025298692
0.185 1699.39276991067 41.4218767528181
0.19 1700.42177714157 41.4128259122117
0.195 1594.77636307147 40.0866930515144
0.2 1380.34996413422 42.3644943140947
0.205 1023.11067491691 37.7092221048558
0.21 695.408220773671 26.462766662508
0.215 470.809512814808 21.7372431904285
0.22 363.59268741663 19.109765241655
0.225 261.317665605833 16.0991316492906
0.23 157.966710065612 12.5582710474777
0.235 91.267079028222 9.75821379369032
0.24 41.1378421209095 7.14750301221397
0.245 35.2223205569897 6.02675607352016
0.25 26.1346979719833 4.57361908295226
0.255 1.14059527477464 1.98157254998035
0.26 6.69636408457029 3.45116551028588
0.265 16.6607686376928 4.83441779222583
0.27 24.2687677871353 5.3212794670088
0.275 29.2205720238105 5.53711587625858
0.28 15.4881582129743 4.32184005641252
0.285 18.4017567813331 4.59071648377524
0.29 41.147811349372 6.46865664832293
0.295 55.1133019063159 7.46294138032728
0.3 45.1221963744608 7.72965790390434
0.305 50.5854967924744 8.34095361437138
0.31 43.9929054408603 6.67325536493918
0.315 64.9674089041928 7.91304338926051
0.32 90.2190277079004 9.42867751893684
0.325 65.0468988805272 7.7630393923837
0.33 57.0868442773311 7.3612365919105
0.335 91.2766594779046 9.51269329539628
0.34 102.697341136428 10.1787964210826
0.345 89.6509515869338 9.48766919279791
0.35 59.4793189090764 8.77398156594957
0.355 54.4184526686086 8.30706725199929
0.36 104.880052166275 10.1859130642938
0.365 79.6488597054835 9.04855665197387
0.37 49.9480648370568 7.45360529430176
0.375 34.8360226289873 6.45231784046991
0.38 17.9716126214746 5.39579656131857
0.385 22.7662850909557 5.55718379770986
0.39 47.9044801188227 7.02405848731505
0.395 73.8127545912716 8.55790009105262
0.4 33.1060215078996 5.95796188032784
0.405 13.6580108982634 4.82780959425908
0.41 18.1810785086366 5.09971534413572
0.415 11.3161175296136 4.07367555856163
0.42 5.32487197140804 3.21349165789588
0.425 5.6683993686132 3.31036016836103
0.43 6.14008606808582 3.44473957747967
0.435 7.32317957029309 3.41671771110903
0.44 7.70557669505275 3.24486559346091
0.445 22.9434877788941 6.24835936289003
0.45 19.7338966537469 5.81183899292531
0.455 13.9011109885471 4.42847704963845
0.46 25.0990390779235 5.37596729590147
0.465 24.7615342694866 5.07935855527314
0.47 16.3845006426195 3.91568485516774
0.475 8.00746701575241 2.75201115506234
0.48 1.84507980893191 1.88452085729515
0.485 11.0416257567994 3.18923926647612
0.49 10.1177391287486 3.3788852707758
0.495 4.0352611854785 2.78384181446372
0.5 4.18126245385932 2.83274124814938
0.505 4.40313961635909 2.90198485182533
0.51 7.79465708856722 3.67544523864699
0.515 4.48122279601581 2.49462671852687
0.52 1.16778850346441 1.31380819840676
0.525 5.51635207095801 3.03237861012527
0.53 10.2075037452079 4.53847176736499
0.535 9.27533641264272 4.08367946680913
0.54 7.09554398103958 3.4369545340566
0.545 4.91575154943645 2.79022960130406
0.55 3.61975440397898 2.47644308892801
0.555 3.36590498864015 2.44042270160644
0.56 3.6747509017997 2.03184958633197
0.565 6.29693164507457 2.78674485877719
0.57 8.1725168496346 3.65518211355151
0.575 16.7861906696009 4.62092406296455
0.58 26.0839298222109 5.54031722859526
0.585 22.7246302397386 6.22164736006954
0.59 17.6393620325513 5.34400337837822
0.595 11.8214176855278 3.80457266488734
0.6 6.00347333850424 2.26514195139646
0.605 0.407464969648631 0.819573933402664
0.61 3.45081063223422 2.38389212829416
0.615 4.2043435361496 2.32021589315715
0.62 4.95787644006497 2.25653965802014
0.625 4.48225472372213 2.05563942480668
0.63 6.1003120615898 2.65219395223797
0.635 9.94735439974087 3.92724979366205
0.64 13.3493028662476 5.01642035818463
0.645 14.7507744810783 5.2701285243258
0.65 15.4812781536466 5.39886890019509
0.655 15.771875691884 5.4456767513166
0.66 16.0624732301214 5.49248460243811
0.665 16.3530707683587 5.53929245355962
0.67 16.6436683065961 5.58610030468113
0.675 16.9342658448335 5.63290815580264
0.68 17.2248633830708 5.67971600692415
0.685 17.5154609213082 5.72652385804566
0.69 17.8060584595456 5.77333170916717
0.695 17.5827893273792 5.62825206343502
0.7 14.0949554655906 4.26412243769188
0.705 10.4163464045951 3.02297749976596
0.71 6.27232851821446 2.08186191227648
0.715 2.12831063183385 1.140746324787
0.72 3.17356612093636 1.4494344626928
0.725 6.88334654207976 2.39985660563418
0.73 12.5793411442003 3.78808457066741
0.735 19.8567383182231 5.52488886733733
0.74 25.4215118465242 6.88365763549821
0.745 18.1501184647613 5.15501931753455
0.75 8.03543651782858 2.67251939963938
0.755 3.06117044223187 1.60624334957243
0.76 10.2697983479491 3.89644772198797
0.765 13.0232820662406 4.9157785397292
0.77 10.7607243520279 3.88961571686766
0.775 8.47420653893114 4.19102760495783
0.78 12.1865874186238 5.45585876907564
0.785 23.4001995470409 6.57807339703125
0.79 21.8411286172919 6.3028166862157
0.795 20.2820576875429 6.02755997540016
0.8 18.7229867577939 5.75230326458462
0.805 17.1639158280449 5.47704655376908
0.81 15.6048448982959 5.20178984295353
0.815 14.0457739685468 4.92653313213799
0.82 12.4867030387978 4.65127642132244
0.825 10.9276321090488 4.3760197105069
0.83 9.36856117929977 4.10076299969135
0.835 7.67554884359975 3.64606589601944
0.84 5.59732517760655 2.67530378653582
0.845 3.51910151161334 1.70454167705219
0.85 1.44087784562013 0.733779567568567
0.855 0.469413367516202 0.288503226252045
0.86 1.97608042501018 1.01983591411945
0.865 3.48274748250415 1.75116860198685
0.87 4.50653025889697 2.06177335842977
0.875 5.36302184058329 2.22662046433602
0.88 7.16857517988541 2.87708211682422
0.885 6.98322085359081 3.09504000197337
0.89 5.45789715729685 2.91902512329653
0.895 4.85004366818032 2.9707863204595
0.9 6.60524035527648 3.48264904899625
0.905 6.94396600357528 3.56978848219642
0.91 7.27009293087265 3.65359360932511
0.915 18.5348013409301 5.36073989751218
0.92 30.5603249391238 7.25364757992202
0.925 22.899379229612 5.78653329293527
0.93 15.2384335201001 4.31941900594849
0.935 7.57748781058826 2.85230471896171
0.94 3.07074015146842 1.94901870392684
0.945 7.58189084068395 2.73094797894906
0.95 8.25122370441208 2.94861602840647
0.955 8.92055656814022 3.16628407786388
0.96 9.58988943186835 3.38395212732128
0.965 10.2592222955965 3.60162017677869
0.97 10.9285551593246 3.8192882262361
0.975 11.5978880230528 4.03695627569351
0.98 12.2672208867809 4.25462432515091
0.985 12.936553750509 4.47229237460832
0.99 13.6058866142371 4.68996042406573
0.995 14.2752194779653 4.90762847352314
1 14.9445523416934 5.12529652298054
1.005 15.3270217765025 5.27755303026512
1.01 11.7777748031855 4.53328663600453
1.015 8.22852782986846 3.78902024174394
1.02 6.0698712043984 3.32591538472103
1.025 7.35902856619782 3.26407635443705
1.03 6.55302116073791 2.87782299667336
1.035 4.99082729566416 2.38150391241486
1.04 3.42863343059034 1.88518482815634
1.045 1.86643956551658 1.38886574389784
1.05 0.497290366487571 0.951428968201784
1.055 2.46674553185599 1.80667556906816
1.06 5.52705330450653 3.15729788543441
1.065 9.14852294059909 2.9469653721486
1.07 24.2798402610782 5.40211435602179
1.075 39.4111575815566 7.85726333989488
1.08 47.223299860292 9.16586883467087
1.085 40.8276317638782 8.24883108590526
1.09 34.4319636674644 7.33179333713966
1.095 28.0362955710503 6.41475558837401
1.1 21.6406274746363 5.49771783960836
1.105 15.2449593782225 4.58068009084276
1.11 8.84929128180869 3.66364234207715
1.115 6.20448619403015 3.32981851433531
1.12 7.2806567602368 3.57456148474062
1.125 8.3568273264434 3.81930445514591
1.13 9.43299789264999 4.06404742555121
1.135 10.5091684588566 4.30879039595651
1.14 11.5853390250633 4.55353336636182
1.145 12.3095734578886 4.72227983149674
1.15 11.5334485852465 4.56704119521588
1.155 10.7573237126044 4.41180255893501
1.16 9.47691839813914 4.06199971187593
1.165 7.80029273652705 3.55932498491965
1.17 6.12366707491503 3.05665025796339
1.175 4.44704141330295 2.55397553100711
1.18 2.77041575169093 2.05130080405084
1.185 4.82200269070681 2.59241943952212
1.19 12.7140777147482 4.79437571999873
1.195 12.4469111786797 4.32247021439482
1.2 12.3757299067884 3.72549108405543
1.205 11.6225077849191 3.56415906710525
1.21 9.69156830518189 4.1841799298156
1.215 9.79212071332291 4.20493519010007
1.22 9.89267312146393 4.22569045038454
1.225 9.99322552960495 4.24644571066902
1.23 10.093777937746 4.26720097095349
1.235 10.194330345887 4.28795623123796
1.24 10.294882754028 4.30871149152243
1.245 10.395435162169 4.32946675180691
1.25 10.49598757031 4.35022201209138
1.255 10.5965399784511 4.37097727237585
1.26 10.6970923865921 4.39173253266033
1.265 10.7976447947331 4.4124877929448
1.27 8.80905717093122 3.82558585649278
1.275 4.44563515184435 2.54792830323788
1.28 1.63400211479982 1.71618165363131
1.285 1.44585420835823 1.59253551940518
1.29 1.24071709679567 1.45516026484491
1.295 1.03557998523311 1.31778501028464
1.3 0.830442873670541 1.18040975572437
1.305 0.625305762107983 1.04303450116411
1.31 0.933964858621871 1.15632597277726
1.315 1.61774852227799 1.4526301752644
1.32 2.30153218593414 1.74893437775155
1.325 2.98531584959025 2.04523858023868
1.33 3.6690995132464 2.34154278272583
1.335 4.35288317690252 2.63784698521297
1.34 5.03666684055867 2.93415118770012
1.345 7.74964073285915 3.55329493857235
1.35 17.9156217266283 5.35819516155046
1.355 26.5348401409566 6.89024728781783
1.36 22.6393431398142 6.21471026797204
1.365 18.7438461386716 5.53917324812622
1.37 14.848349137529 4.86363622828039
1.375 10.9528521363867 4.1880992084346
1.38 7.05735513524426 3.51256218858881
1.385 6.24061985389713 3.34550718982639
1.39 5.96719546427863 3.26818431243162
1.395 5.69377107466012 3.19086143503686
1.4 5.42034668504162 3.1135385576421
1.405 5.1469222954231 3.03621568024734
1.41 4.87218522771432 2.95807424078523
1.415 5.28767702843484 2.85612106368209
1.42 6.31237919142466 2.74400022200344
1.425 50.2659326478854 9.11718430637509
1.43 37.2300646749014 7.67842471180103
1.435 15.3807240661417 4.98900945428259
1.44 10.3989865258403 4.1944993982288
1.445 9.5292517236205 3.86193140621361
1.45 8.65951692140077 3.52936341419844
1.455 7.78978211918101 3.19679542218324
1.46 6.92004731696128 2.86422743016807
1.465 6.05031251474151 2.53165943815288
1.47 5.18057771252178 2.1990914461377
1.475 4.4825018730128 2.03877092310275
1.48 3.85842924917308 1.95270732434445
1.485 3.23435662533334 1.86664372558615
1.49 2.61028400149362 1.78058012682785
1.495 1.98621137765388 1.69451652806955
1.5 2.42427666884291 1.76563421921817
