-0.1 2.18586030790593 1.50057615642908
-0.095 5.62393579068379 2.45423651715496
-0.09 4.33984690556022 2.19232536783563
-0.085 2.18192969824229 2.01730712652955
-0.08 5.72661260211644 3.21752453563381
-0.075 10.1681077089835 4.57248901767643
-0.07 12.8435136597738 5.21309101315414
-0.065 14.8590621236782 5.58678834332187
-0.06 16.8746105875826 5.9604856734896
-0.055 18.890159051487 6.33418300365732
-0.05 15.4193701006915 5.58363881028897
-0.045 6.88426969017315 3.79533321057962
-0.04 12.1445071525015 4.90403035799201
-0.035 18.2541390910774 6.19109922444164
-0.03 13.729961314352 4.50242121369418
-0.025 53.5568992974693 7.27922466516899
-0.02 136.414859943237 12.056173423803
-0.015 199.348398853055 14.5466104675803
-0.01 234.942845266237 15.7700002942599
-0.005 281.172201386482 20.1909462967617
0 311.077163571514 21.0799964642131
0.00499999999999999 239.333349011439 15.9905335199742
0.01 208.039703588713 14.9839544475266
0.015 184.708397730903 14.0135795917777
0.02 137.007648683037 12.2873400586602
0.025 88.1871901935685 10.236667248569
0.03 41.2423628198541 6.89374851706427
0.035 15.7478030326537 4.17831153033619
0.04 18.8485898078885 4.85519216358375
0.045 21.8184271124556 5.31149727652012
0.05 20.8255914948283 5.19739055916631
0.055 3.4234734975745 2.48834486080108
0.06 8.28023004510485 3.07478422327399
0.065 6.08193343719172 3.30554520027235
0.07 12.7223421563296 3.98714884826216
0.075 21.5560135075495 4.80071765914023
0.08 12.1185848170814 3.68826040219271
0.085 4.72100734069792 2.86753878970388
0.09 6.22807441074934 3.01931148501509
0.095 7.73514148080076 3.17108418032629
0.1 11.5914523162762 4.28651322383835
0.105 19.5226577512419 5.74006966945778
0.11 32.4538144919357 7.50571735000007
0.115 69.2706822224326 9.69020847942569
0.12 86.2400889780725 9.55128512295835
0.125 77.6789676122951 9.08054944364862
0.13 65.3576162573627 8.27531058201039
0.135 83.5624756425275 9.19916267469057
0.14 112.281472246551 11.1271888351316
0.145 100.835713659612 10.7956335796332
0.15 108.488751658143 12.1937586162192
0.155 161.975756730563 14.641012960246
0.16 256.57462311649 16.2399054535934
0.165 411.706939583035 20.5155738488722
0.17 626.991310634008 25.3480739318998
0.175 875.031007366489 29.9248795113139
0.18 1090.76994934437 33.3864759125764
0.185 1214.3012113338 35.213671532871
0.19 1238.98374052173 35.5562518493458
0.195 1221.97319642874 35.2931782924597
0.2 1213.65391646624 40.4215128830946
0.205 1163.60800469757 39.8447439916507
0.21 1003.46791956835 31.9545573338471
0.215 732.487243112843 27.3433376348719
0.22 500.230421011312 22.7486735988942
0.225 342.937976273965 18.7572982195874
0.23 250.247387558623 16.0364974362569
0.235 188.997414910468 13.7484887095414
0.24 95.169475633113 9.50295801252904
0.245 46.4805601876336 7.02478634590626
0.25 41.9765807941229 7.42031731714537
0.255 17.3753643504745 5.33484932328819
0.26 27.7905902408239 6.50554662127138
0.265 21.2042433407709 5.09137487793282
0.27 20.9683397282201 4.41405254828633
0.275 36.7621677762655 6.10592063172987
0.28 52.8645576834916 9.30865247812065
0.285 22.4241760286626 5.81038314716694
0.29 5.29763960590276 2.80934432630138
0.295 6.06608449570835 2.7787863949939
0.3 9.81348887942782 4.40939859800912
0.305 0.909860146964874 1.97248793071102
0.31 6.33165122313571 2.85694503486311
0.315 2.73592374683107 3.43287283917794
0.32 22.2737251947766 5.15518755171474
0.325 26.0676693914016 5.29071415995589
0.33 39.3611369831364 6.2769989001437
0.335 54.6762161576112 7.86169020996586
0.34 46.5935167186471 7.49546093200722
0.345 35.1988625913745 6.04153502951191
0.35 36.9043422482185 7.1148895198475
0.355 30.333061098245 6.35022955748159
0.36 29.8183853310568 5.44983528004694
0.365 22.8240494856969 5.01614578884618
0.37 23.5653455489646 4.99015744911562
0.375 20.9001180152034 4.6789967808218
0.38 13.9449805215987 4.33478627674019
0.385 10.0416619351725 4.46897322574849
0.39 8.08029134684418 3.91333365886186
0.395 5.17345943000628 3.09137973804895
0.4 2.39185149808519 2.24043523489973
0.405 6.33571509578673 2.47375272099849
0.41 15.5828046586207 3.89795983087825
0.415 10.7370507772295 3.35809898858473
0.42 11.3098936866045 3.94338827056867
0.425 16.0135242351056 5.24531738593228
0.43 18.6937514143325 6.07400877076229
0.435 16.7038487690343 5.74291566271897
0.44 16.9337340101165 5.7803457134749
0.445 14.4318183706394 5.1152141933096
0.45 5.04542725181465 2.24011721109618
0.455 7.80069336512004 2.79810220771319
0.46 3.78562554835744 2.10261429028135
0.465 1.3600381408097 1.61426777585521
0.47 1.09374487408212 1.40732090324817
0.475 0.827451607354533 1.20037403064112
0.48 0.561158340626956 0.993427158034079
0.485 1.86921201550366 1.26144884088973
0.49 5.92541735067521 2.45519355391504
0.495 6.0036192813147 2.5783939976052
0.5 6.08182121195419 2.70159444129535
0.505 6.16002314259369 2.82479488498551
0.51 6.23822507323318 2.94799532867567
0.515 6.31642700387267 3.07119577236583
0.52 6.39462893451216 3.19439621605599
0.525 6.47283086515165 3.31759665974615
0.53 6.55103279579114 3.44079710343631
0.535 6.62923472643063 3.56399754712647
0.54 10.3218264920215 4.39500020756622
0.545 13.6398240401304 5.07054229786234
0.55 3.12771213472985 2.46673191046575
0.555 3.51127265449135 2.60056004339894
0.56 3.89483317425285 2.73438817633213
0.565 4.27839369401435 2.86821630926532
0.57 4.66195421377585 3.00204444219851
0.575 6.76923965141484 3.53723896835347
0.58 17.5820829571085 4.67784030531903
0.585 13.9743123507504 4.13650819387264
0.59 7.90640296670741 3.72188147751937
0.595 11.4421484090357 4.40159537309079
0.6 14.9778938513639 5.08130926866222
0.605 18.5136392936921 5.76102316423362
0.61 22.0493847360203 6.44073705980505
0.615 18.8535820945586 5.55552541727303
0.62 7.15958074098147 2.69468379677321
0.625 2.82703758660889 1.69477253294674
0.63 3.37805263937098 1.92939408453724
0.635 3.92906769213307 2.16401563612774
0.64 4.48008274489516 2.39863718771823
0.645 5.03109779765725 2.63325873930873
0.65 5.58211285041934 2.86788029089922
0.655 6.13312790318143 3.10250184248972
0.66 6.68414295594352 3.33712339408022
0.665 7.2351580087056 3.57174494567071
0.67 7.78617306146769 3.80636649726121
0.675 8.15628047409277 3.96204750018141
0.68 5.53063215594139 2.84472935927169
0.685 2.31520392286285 1.47767042825404
0.69 0.711683717579801 0.802283712589338
0.695 1.06890890115882 0.968255860750191
0.7 1.42613408473783 1.13422800891104
0.705 1.78335926831685 1.30020015707189
0.71 2.14058445189586 1.46617230523275
0.715 2.49780963547488 1.6321444533936
0.72 2.8550348190539 1.79811660155446
0.725 3.21226000263291 1.96408874971531
0.73 3.56948518621193 2.13006089787616
0.735 3.92671036979095 2.29603304603702
0.74 4.28393555336997 2.46200519419787
0.745 4.64116073694898 2.62797734235872
0.75 4.998385920528 2.79394949051958
0.755 5.35561110410702 2.95992163868043
0.76 5.71283628768603 3.12589378684128
0.765 6.07006147126505 3.29186593500214
0.77 6.42728665484407 3.45783808316299
0.775 8.40522724071459 3.53823571369344
0.78 8.66889124199287 3.4181440357449
0.785 7.87554051804673 3.55510427245121
0.79 8.65454758555567 4.06167704604266
0.795 9.46789735639234 4.21147304781686
0.8 10.6614027464649 4.43100896888516
0.805 11.8549081365374 4.65054488995348
0.81 13.04841352661 4.87008081102179
0.815 14.2419189166826 5.0896167320901
0.82 15.4354243067551 5.30915265315841
0.825 16.6289296968277 5.52868857422673
0.83 17.8224350869003 5.74822449529504
0.835 19.0159404769728 5.96776041636335
0.84 20.2094458670454 6.18729633743166
0.845 18.4480019343609 5.75727643770528
0.85 15.2959936144965 5.0215832105461
0.855 12.1439852946321 4.28588998338691
0.86 8.99197697476768 3.55019675622773
0.865 5.83996865490328 2.81450352906854
0.87 2.68796033503888 2.07881030190936
0.875 5.40947576657654 2.42724636687349
0.88 8.65305126613917 3.80824943451856
0.885 7.7171135650441 3.80874632932755
0.89 7.71356607796864 3.76760246220963
0.895 10.6444071568367 4.08462602677907
0.9 10.8372182839868 3.57308864831407
0.905 6.55588035549223 2.07429901549258
0.91 1.18540842341397 0.654792463671895
0.915 3.27495181562959 1.16481648310662
0.92 5.36449520784522 1.67484050254135
0.925 7.4540386000608 2.18486452197607
0.93 9.54358199227643 2.6948885414108
0.935 11.6331253844921 3.20491256084553
0.94 11.9345440517041 3.49897810170475
0.945 10.3081708046043 3.56021703768377
0.95 8.6817975575046 3.6214559736628
0.955 7.14450236696762 3.67583292704936
0.96 6.84141805548812 3.55639882720722
0.965 6.44011990959561 3.37637126408875
0.97 6.03882176370311 3.19634370097028
0.975 5.6375236178106 3.01631613785181
0.98 5.2362254719181 2.83628857473334
0.985 4.83492732602559 2.65626101161487
0.99 4.43362918013309 2.47623344849641
0.995 4.03233103424059 2.29620588537794
1 3.63103288834808 2.11617832225947
1.005 3.22973474245559 1.936150759141
1.01 2.82843659656307 1.75612319602253
1.015 2.42713845067056 1.57609563290406
1.02 2.02584030477806 1.39606806978559
1.025 2.23296162756905 1.51640477765456
1.03 2.76881190860068 1.79902826130352
1.035 3.30466218963228 2.08165174495246
1.04 3.8405124706639 2.36427522860141
1.045 4.37636275169551 2.64689871225035
1.05 4.91221303272713 2.9295221958993
1.055 5.06023325507585 3.07923010288878
1.06 0.591910823576114 1.6356620017397
1.065 0.543006591118977 1.49799710703433
1.07 0.494102358661837 1.36033221232895
1.075 0.445198126204699 1.22266731762358
1.08 0.396293893747559 1.0850024229182
1.085 0.347389661290421 0.947337528212827
1.09 0.298485428833283 0.809672633507456
1.095 0.418601087565712 0.746760315134054
1.1 1.28828322026926 1.01535942223289
1.105 2.15796535297276 1.28395852933172
1.11 3.02764748567627 1.55255763643054
1.115 3.89732961837982 1.82115674352938
1.12 4.76701175108336 2.08975585062821
1.125 3.64608904517472 2.11712622910677
1.13 3.31699981694163 2.74763576582621
1.135 16.1450901454125 5.42977947124263
1.14 17.9486367576617 5.77839868146402
1.145 15.5249978738124 5.3596237157198
1.15 13.101358989963 4.94084874997557
1.155 11.3213296711908 4.57677231318412
1.16 9.9493404034806 4.24737402873532
1.165 8.57735113577035 3.9179757442865
1.17 7.20536186806016 3.58857745983769
1.175 5.83337260034992 3.25917917538887
1.18 4.95029394921275 3.04749338212692
1.185 27.5490836087221 6.42565034104256
1.19 44.9328217374686 9.04952982851147
1.195 32.078887253353 7.23162709153566
1.2 19.224952769238 5.41372435455992
1.205 7.39467743203877 3.71702261119821
1.21 5.66747280570641 3.21652197872319
1.215 3.94026817937405 2.71602134624818
1.22 11.9591808200668 4.27869611095812
1.225 20.0964673546914 5.86642968616026
1.23 22.9422111011026 6.33951366493159
1.235 16.2986518585954 4.81370088138856
1.24 9.65509261608799 3.28788809784546
1.245 3.01153337358054 1.76207531430237
1.25 3.78593242447829 2.3493489377321
1.255 7.53273012081747 3.71883431734281
1.26 5.91397026861374 2.96614101216088
1.265 4.29521041641009 2.21344770697898
1.27 2.67645056420635 1.46075440179705
1.275 1.0576907120027 0.708061096615151
1.28 0.0281935032165094 0.229476544634735
1.285 0.198425268184425 0.482860165649784
1.29 0.401547711663882 0.785159068226569
1.295 0.562809359043258 1.02490750962687
1.3 0.820368080166491 1.00903964038183
1.305 2.10361011179079 1.55194699327336
1.31 4.80167606775316 2.99291933275295
1.315 4.81815474841706 2.99784858997477
1.32 4.83455026673421 3.00272460164338
1.325 4.85094578505136 3.00760061331199
1.33 4.86734130336851 3.0124766249806
1.335 4.88373682168567 3.01735263664921
1.34 4.90013234000282 3.02222864831781
1.345 4.91652785831997 3.02710465998642
1.35 4.93292337663712 3.03198067165503
1.355 4.94931889495427 3.03685668332364
1.36 4.96571441327142 3.04173269499225
1.365 4.98210993158857 3.04660870666086
1.37 4.99850544990572 3.05148471832947
1.375 5.21833901978712 3.10596957984344
1.38 5.71005708848798 3.2267541191881
1.385 6.20177515718886 3.34753865853278
1.39 6.69349322588971 3.46832319787744
1.395 7.18521129459059 3.58910773722212
1.4 7.67692936329144 3.70989227656679
1.405 8.16864743199232 3.83067681591146
1.41 8.66036550069317 3.95146135525613
1.415 9.15208356939405 4.0722458946008
1.42 9.6438016380949 4.19303043394547
1.425 10.1355197067958 4.31381497329014
1.43 10.6272377754966 4.43459951263481
1.435 8.48088878189747 3.88886862480419
1.44 3.73481837044173 2.69129687558165
1.445 4.09329605306075 2.79263872641453
1.45 4.45177373567975 2.89398057724741
1.455 4.81025141829877 2.99532242808028
1.46 4.99640093760379 3.04865132547136
1.465 5.0657374066087 3.06943452958982
1.47 5.13507387561361 3.09021773370827
1.475 5.20441034461852 3.11100093782672
1.48 5.27374681362343 3.13178414194517
1.485 4.10750763401865 2.74777837817473
1.49 3.43774309895843 2.41851934514953
1.495 3.45718772445196 2.28974240897778
1.5 3.47663234994548 2.16096547280604
