-0.1 28.8729747743449 5.18496646130349
-0.095 45.9695629008034 7.11334763169782
-0.09 62.6049723487704 8.34971848910931
-0.085 46.8393213739006 7.10467072764192
-0.08 18.5189618700112 4.34203817635218
-0.075 2.75959600105338 4.89800817734401
-0.07 3.06015056715583 4.23640444206903
-0.065 6.92573159111838 3.20604564620895
-0.06 43.2533180533142 6.81065795272802
-0.055 73.6958563968284 9.91568737041059
-0.05 19.3396700170525 5.88097282914373
-0.045 26.2016830937123 5.61472060680201
-0.04 112.77168271929 10.5607798094726
-0.035 135.517563379698 12.3802213540893
-0.03 159.206737234776 13.3081559574533
-0.025 225.56044344328 15.5726764007694
-0.02 271.592684884212 17.0288031341112
-0.015 321.644370740258 18.50641363014
-0.01 391.537978486642 20.4318981945659
-0.005 455.756793156446 25.6849296451974
0 469.771933223061 25.6490319893374
0.00499999999999999 396.55465882281 20.4657069989535
0.01 356.492578833546 19.3795871033852
0.015 363.348707529512 19.5818845202001
0.02 312.412667702833 18.0691823874918
0.025 207.44214616829 14.6144036720016
0.03 130.782765971746 11.6951369137678
0.035 73.1682518019719 8.76908008240412
0.04 15.5638170979231 5.0367349344129
0.045 11.4839702630185 3.11114995156522
0.05 2.57842130056091 1.37169597954239
0.055 9.38864839105958 3.25271537736527
0.06 16.9339567392356 6.17002249104987
0.065 24.5395671156605 7.3063663383529
0.07 26.7726358631549 6.6989741988212
0.075 83.9920374588293 8.50677003101332
0.08 104.178917925225 10.0512074059652
0.085 61.7395938218489 7.98366542543136
0.09 98.7554378360788 10.0286444146538
0.095 90.1627844164861 9.61494381742484
0.1 115.974535971046 12.1896742278268
0.105 112.702240507058 12.2345962554256
0.11 113.757432874786 10.9297076780378
0.115 98.253620567866 10.0774409328604
0.12 151.423130870555 12.2290190646402
0.125 212.075808864978 14.6746455909726
0.13 200.10844836715 14.286889687612
0.135 178.249119625939 13.4837151873321
0.14 230.249105468599 15.1826199007787
0.145 295.097806780932 17.214299408364
0.15 355.170719294144 21.7554183540447
0.155 425.969640080025 23.6873087497474
0.16 553.967093337055 23.6189914183571
0.165 858.678800820166 29.2357810605738
0.17 1281.63692135094 35.6477881903143
0.175 1738.20901296179 41.4869157793368
0.18 2051.46545011863 45.0780059045363
0.185 2218.72472859193 46.8161109446329
0.19 2364.72276897112 48.3008028877285
0.195 2453.34182787077 49.1558518439152
0.2 2404.51364117647 55.730550888325
0.205 2160.15051282247 53.5463178699033
0.21 1788.76621327344 41.8661095258871
0.215 1329.49232404483 36.0384925611636
0.22 945.763507960777 30.4451351961336
0.225 653.432898974272 25.2080926425762
0.23 462.326782708695 21.2549973152634
0.235 351.273024287398 18.557689263739
0.24 245.450407334629 15.6695119644847
0.245 174.192820452614 13.1556302404243
0.25 121.293929548711 12.3401749419468
0.255 93.2331490284879 10.9245820540945
0.26 90.994319180762 9.83014524211035
0.265 95.4366289601307 9.88526776019699
0.27 59.2834033990968 8.02108024312407
0.275 33.7852102570667 6.54962003835409
0.28 38.6467821149442 6.53120663723619
0.285 58.9287228466348 7.60916187666948
0.29 80.4495878959127 8.86161641558987
0.295 117.341348930396 10.7043812682216
0.3 143.455644445337 13.8130301851322
0.305 135.629087429716 13.0075704244786
0.31 186.135731108731 13.3431632947171
0.315 207.426782472628 14.0923187786037
0.32 251.464669951186 15.4659055397621
0.325 284.58617306037 16.4796584353499
0.33 274.659422846633 16.1809509288387
0.335 276.516687722517 16.280299730204
0.34 308.731534237616 17.2482605621058
0.345 326.488951731702 17.6976154101479
0.35 309.597827877321 19.7229531968095
0.355 272.232314343005 18.5293541857899
0.36 256.758248056573 15.6098419662155
0.365 228.544857965681 14.7035676989319
0.37 214.995461832313 14.4141158126627
0.375 215.223775491365 14.3907370690248
0.38 186.550610600874 13.2853819307473
0.385 154.45539302381 12.136865919021
0.39 144.177477280822 11.7391625830955
0.395 111.614510363721 10.3417282361467
0.4 89.6078565182345 10.7770962133298
0.405 46.9739760534789 7.92937474212408
0.41 76.4698315346593 8.58250663521472
0.415 41.7181953653878 6.39405727869088
0.42 55.7323958260181 7.3341076828994
0.425 50.5815120038695 6.91833808014214
0.43 49.3286032815089 6.80795337196639
0.435 38.7315834782722 6.0271523454979
0.44 46.4100439720083 6.47294029997765
0.445 54.2174431355349 7.19495604702861
0.45 25.0426096863219 5.47120513806408
0.455 39.4269529260494 6.41681522398104
0.46 37.8579135913936 6.30492227835496
0.465 36.284240226031 6.01597371585165
0.47 37.226322945544 6.06184909680268
0.475 30.2360222867788 5.40248947334033
0.48 6.96124472667018 3.41801814548119
0.485 6.1173603972703 2.85586723950276
0.49 7.68012875034758 3.46801465884722
0.495 11.7468993459089 4.46466524504946
0.5 19.0082007976007 5.53321785817951
0.505 37.7021550179446 6.86352072135215
0.51 27.8275179363289 6.0447048169806
0.515 39.875147178635 6.55892238190396
0.52 24.5642856686021 6.24063320483501
0.525 20.3403876562319 5.70846411863384
0.53 27.8752175747909 4.96507876824583
0.535 27.1578463882013 4.8763688850643
0.54 56.5976996016433 7.17241191744563
0.545 77.3155540108349 8.45967241847797
0.55 68.5177288277881 7.82465550462836
0.555 31.1587820257714 6.21697980664952
0.56 32.4341887890293 7.6820070050112
0.565 23.0244180349957 5.15040809325331
0.57 23.487743061085 4.83954473780158
0.575 39.7876750003492 7.07725035417548
0.58 67.5130373644124 10.74552942535
0.585 60.8748141702155 10.2330633568311
0.59 43.0251293747833 8.35658760082597
0.595 25.175444579351 6.48011184482088
0.6 17.3074963714142 5.60610672348151
0.605 16.1496787791514 5.40600326624851
0.61 14.9918611868886 5.20589980901551
0.615 13.8340435946259 5.0057963517825
0.62 22.1321213451003 5.13710829489463
0.625 12.3520759991357 3.80870062361087
0.63 6.08901455239761 3.32319700442477
0.635 6.27191438786109 3.37177770032562
0.64 5.76324923528209 3.13381699859134
0.645 3.44824535847601 2.11802304735424
0.65 5.068582616279 2.64392249700842
0.655 6.68891987408198 3.1698219466626
0.66 8.30925713188497 3.69572139631678
0.665 9.92959438968796 4.22162084597096
0.67 1.44473142711521 2.79510782543807
0.675 12.700743607003 4.79467529702312
0.68 12.4832413580216 4.31484350709005
0.685 9.00670613057344 3.16021345732277
0.69 8.17236371565907 2.75277825046721
0.695 10.470097082149 3.23107358544509
0.7 12.767830448639 3.70936892042296
0.705 20.3383171028293 5.01585058168284
0.71 35.3925595414769 7.49779862108318
0.715 28.8395996058439 7.16687757715585
0.72 22.2446444254717 6.24481943203287
0.725 17.6625671103816 5.53936185807781
0.73 13.0804897952916 4.83390428412275
0.735 8.4984124802015 4.12844671016769
0.74 3.91633516511143 3.42298913621263
0.745 10.58296019233 3.87567643064294
0.75 17.3441668288185 4.29470998016561
0.755 16.0998925109017 4.37545870808865
0.76 23.5712380120031 6.5259085177438
0.765 15.7999598628085 4.83899331083642
0.77 11.8355794319183 4.76549739197908
0.775 35.9312026959245 6.06076376758972
0.78 24.1733609296337 4.42429943019212
0.785 9.77563388145879 3.02001993962072
0.79 35.0490569822936 6.94085990241925
0.795 37.4765464810248 7.03657135650686
0.8 25.1378499584367 5.21161508270621
0.805 26.6274551046539 6.39982238723198
0.81 27.3217052076688 6.96833294241596
0.815 10.4436930159647 4.25498494493257
0.82 4.43257786304642 2.46530249525725
0.825 0.923964717957997 1.15396749437003
0.83 0.647927830812754 0.980159994959492
0.835 4.98889500329393 2.39183305502957
0.84 10.5847354782065 4.12538303989097
0.845 27.3880075915592 6.60053655511178
0.85 44.1745882359954 8.58088999509607
0.855 20.8115714073341 4.35740770123314
0.86 16.2935798869251 3.72364576748016
0.865 11.7755883665161 3.08988383372719
0.87 7.25759684610706 2.45612189997421
0.875 34.8497410339351 7.34389197824831
0.88 18.7719998645317 4.53116350487085
0.885 3.86848629806612 1.87230393722535
0.89 0.806857766181003 1.16067289552047
0.895 0.491561922915647 0.767835582323383
0.9 2.35690337943146 1.30914499991305
0.905 5.21408136225251 2.19248321983714
0.91 5.0386518290433 2.31696656590474
0.915 4.86322229583408 2.44144991197235
0.92 4.68779276262487 2.56593325803996
0.925 4.51236322941566 2.69041660410756
0.93 4.53261536768949 2.81803940591318
0.935 5.0431516990252 2.94853472706829
0.94 5.57374430836461 3.07807209716764
0.945 6.10433691770403 3.20760946726698
0.95 6.63492952704344 3.33714683736633
0.955 7.16552213638285 3.46668420746568
0.96 7.69611474572227 3.59622157756502
0.965 8.22670735506168 3.72575894766437
0.97 8.75729996440109 3.85529631776371
0.975 9.28789257374051 3.98483368786306
0.98 9.81848518307992 4.1143710579624
0.985 10.3490777924193 4.24390842806175
0.99 7.59030705059016 3.26633352956449
0.995 3.7350818583715 1.9197212082017
1 1.81897381706344 1.33465267972784
1.005 2.94086223029898 1.94268759097642
1.01 4.06275064353457 2.55072250222504
1.015 5.18463905677016 3.15875741347365
1.02 6.3065274700057 3.76679232472224
1.025 7.42841588324124 4.37482723597082
1.03 5.35367837352052 3.41778266291582
1.035 4.22892777676568 2.56124268067171
1.04 6.19932227278803 2.55170890185377
1.045 6.23879101583384 2.30308933953747
1.05 4.27537771057545 1.80647441901772
1.055 2.31196440531715 1.30985949849799
1.06 0.483511721580719 0.878251101244942
1.065 3.01434643086175 2.05879322250192
1.07 3.87839858315815 1.94104259750003
1.075 4.56440123635616 2.23762600997263
1.08 5.15933468425026 2.74613403730938
1.085 6.5449324527163 3.35747305909431
1.09 9.61063487981471 4.00175819429514
1.095 12.5905719626731 4.57693120407113
1.1 15.5705090455316 5.15210421384712
1.105 15.8550319721102 5.22805526249877
1.11 14.3870909092926 4.97942965655807
1.115 14.3308488503435 4.97362811819344
1.12 20.0269326445042 5.83948014196208
1.125 8.01708930085956 3.28025846811384
1.13 13.3882284318997 3.56314673865211
1.135 8.03338463981543 2.77814123058297
1.14 3.18701467607247 2.60230990285163
1.145 4.26009568393838 3.36300211664773
1.15 8.15708678066312 4.37822055806559
1.155 22.0221701363378 6.06190568519755
1.16 3.4980566835145 2.45336124013201
1.165 5.94912955700394 3.02297946872651
1.17 10.4417128441735 4.02942716731387
1.175 14.9342961313432 5.03587486590127
1.18 10.9829777124329 4.05589732950959
1.185 5.8583608787818 2.7999017080751
1.19 3.48744114480655 2.825839446255
1.195 3.68893912658176 3.53044782650738
1.2 1.39372931002409 2.9989316186958
1.205 1.33704262708515 3.5895547280123
1.21 7.5680775785994 2.37383738149663
1.215 0.332732395901854 0.669871990599457
1.22 1.01399587496666 1.05523525747461
1.225 1.79141249567258 1.46597498578026
1.23 2.56882911637847 1.8767147140859
1.235 3.34624573708436 2.28745444239154
1.24 4.0284469210809 2.6225950712799
1.245 4.43099961773409 2.73570054991116
1.25 4.83355231438727 2.84880602854242
1.255 5.23610501104045 2.96191150717367
1.26 5.63865770769364 3.07501698580493
1.265 6.04121040434682 3.18812246443619
1.27 6.44376310100002 3.30122794306745
1.275 6.84631579765319 3.4143334216987
1.28 12.7953432014616 4.61787651697494
1.285 12.422240843112 4.60263220005391
1.29 10.0209092973137 3.8912636396531
1.295 7.91019459635441 3.15479514080493
1.3 5.79947989539506 2.41832664195672
1.305 3.95665714626269 1.79735452848958
1.31 2.56294769089692 1.37000884427082
1.315 1.16923823553121 0.942663160052072
1.32 0.989981543271733 1.05306599410023
1.325 1.22942162695204 1.34886391118881
1.33 1.95488614549327 1.79305880087656
1.335 8.09745938018715 3.12063202045203
1.34 24.0830374997334 5.80084372818775
1.345 29.9850368797011 6.82325377439642
1.35 3.99638205826106 2.55665682441583
1.355 4.62350668748618 2.42795944044407
1.36 5.75034484869368 2.73472891233865
1.365 7.4721181409479 3.56842366421539
1.37 6.23966506881502 3.23242586378129
1.375 5.00721199668221 2.8964280633472
1.38 4.63856705777564 2.38934897659651
1.385 5.84203160102696 2.94523823236142
1.39 7.11785017410678 3.47209671156071
1.395 7.87556632159701 3.66040768148996
1.4 6.09801362938348 3.14270566408491
1.405 8.38230974782752 3.50812528619976
1.41 26.0357128680498 5.59593172417404
1.415 38.0900929556341 6.91501086374791
1.42 36.1116586943087 7.71326525012523
1.425 26.9923931344275 6.49913592350424
1.43 17.8731275745467 5.28500659688332
1.435 14.1011861428949 4.39816523865104
1.44 17.3920108248721 4.10855228199974
1.445 12.653145739462 3.1803862557983
1.45 12.3092283972717 3.2105255007395
1.455 20.7076270338935 4.46704059911236
1.46 15.2688919087432 3.63685389851393
1.465 9.83015678359266 2.80666719791548
1.47 4.39142165844238 1.97648049731705
1.475 1.40414438339252 1.5439192965362
1.48 4.1927161558587 1.99558891720788
1.485 7.23117831497991 2.48284052070369
1.49 8.45890254297111 2.7509290670574
1.495 8.22676722018791 2.84232319692748
1.5 7.99463189740472 2.93371732679754
