-0.1 16.3828291234944 4.9718047283775
-0.095 9.88834774786089 5.06989466945907
-0.09 3.70516218331192 5.43185223634547
-0.085 34.6331759900648 6.8544853901835
-0.08 39.4316347266258 6.69998277358769
-0.075 67.2598436219114 8.51760418008692
-0.07 124.793559653582 11.9063884194626
-0.065 145.030172125072 12.844482522369
-0.06 122.702041407301 11.7706660148417
-0.055 97.5750578916394 12.1323931492082
-0.05 63.897156222051 9.94607408018653
-0.045 120.669543444665 11.2265933623847
-0.04 144.063247979865 12.5512069374616
-0.035 178.756475393259 14.2235915189043
-0.03 359.140159723314 19.5908041168282
-0.025 504.504122794391 23.3524070604093
-0.02 597.264962920835 25.306566006859
-0.015 665.195693991566 26.7024519766146
-0.01 626.175694648435 25.8322416239711
-0.005 596.359096207766 29.3726307764339
0 597.809096135231 28.7367087845485
0.00499999999999999 619.983386246289 25.5554173608731
0.01 550.895247267075 24.020565678842
0.015 424.884798060869 21.1337227919499
0.02 299.014744668508 17.6872986349113
0.025 195.424967115649 14.3075052218525
0.03 121.060166261828 11.6127282245689
0.035 74.212636352568 9.6487713766774
0.04 70.0590239932584 8.9004764775725
0.045 72.7153874938652 8.83890398324913
0.05 103.954006808844 11.9608378657777
0.055 77.2513286351903 10.8818808585995
0.06 37.5245200840005 6.36418227934953
0.065 38.7926979242062 6.30780479987141
0.07 44.8984152425369 6.76782239353233
0.075 69.3771226005993 8.30563507715896
0.08 82.0288776767129 9.25441635806285
0.085 73.0850905571531 8.83963703318478
0.09 70.9837182128706 8.47267981387376
0.095 95.8038471516956 9.6912522741385
0.1 152.961005821699 14.250014244786
0.105 207.167603895774 16.2718518666788
0.11 237.450315893534 15.3262063513594
0.115 267.000964701325 16.2660550481326
0.12 309.810270156324 17.4865149688676
0.125 329.58709354971 18.0144070138512
0.13 345.229811070324 18.3979059117978
0.135 407.990387709162 19.9200894890524
0.14 523.035293119708 22.5292898494575
0.145 628.841480578403 24.7281489988977
0.15 663.977840691162 29.2603214428047
0.155 805.946151479417 31.6920956332086
0.16 1297.29063221627 35.4838945657942
0.165 2030.67050993622 44.205122637693
0.17 2774.99884896688 51.6323383247481
0.175 3307.74212977299 56.3213484134828
0.18 3501.77257606097 57.8777561892446
0.185 3521.64027769254 57.9748541333716
0.19 3559.50073599989 58.220301864443
0.195 3455.52709665757 57.296890644525
0.2 3136.28473767338 62.3571810104606
0.205 2625.76819003883 58.3282436304515
0.21 1865.341832404 41.978330488292
0.215 1283.94278909973 34.8411843873408
0.22 937.160252624146 29.8686333097796
0.225 675.845851342131 25.3226823854923
0.23 489.798790043557 21.4760433116343
0.235 374.548550973747 18.8250625191524
0.24 285.795843519784 16.5685676493851
0.245 254.649627179226 15.419954529241
0.25 217.547797691867 16.2276923386232
0.255 180.77809373252 14.959515205741
0.26 177.277229767841 12.8297914338138
0.265 170.548575067915 12.6859051296956
0.27 160.073680084728 12.2498964568035
0.275 189.54765647009 13.240478430078
0.28 246.866798650453 15.1100930233669
0.285 255.85623032471 15.3565532639087
0.29 240.558369950859 15.0036365405404
0.295 287.655789825314 16.3699194028736
0.3 387.603937573493 22.132288588221
0.305 450.69031042515 23.2526403941308
0.31 529.572229877411 21.9507213600065
0.315 579.060599466024 22.9703864176888
0.32 627.208497611396 23.9039687408642
0.325 676.813009852582 24.8291063637163
0.33 735.444656719709 25.83557869525
0.335 757.827222397083 26.2002971488389
0.34 722.007899218293 25.5653780776448
0.345 682.3935792263 24.8361508645659
0.35 656.95224716456 28.3087943601141
0.355 588.656996517602 26.831912697518
0.36 516.113058619339 21.5788774928292
0.365 470.937767858152 20.5951431006667
0.37 425.671339776282 19.5588094665453
0.375 380.423301190619 18.4645378011981
0.38 364.772489741689 18.0960597450161
0.385 334.475520174143 17.2721657524197
0.39 265.94925352092 15.4703928130621
0.395 233.529281232378 14.5759919933342
0.4 220.907430181798 16.2147786084764
0.405 172.229664158662 14.1591085315885
0.41 155.21383600225 11.7631778030955
0.415 110.382089769216 9.91609578050145
0.42 87.1179546409331 8.89050985585178
0.425 87.4647123922772 8.87750252771617
0.43 77.6737134905081 8.37046973930824
0.435 59.9722639989584 7.39528734544276
0.44 48.4653557212379 6.65262315714408
0.445 51.3789081753009 6.90977984765298
0.45 62.2902631165775 7.86843846883351
0.455 50.3510906146615 7.98679859962962
0.46 43.3337503694447 7.37343943568967
0.465 57.0339213819047 7.36654558456334
0.47 81.8849750012786 8.56381156838031
0.475 73.2474165934127 8.10221004895939
0.48 69.4053699157711 8.19863158236757
0.485 122.032594819967 10.5738995851019
0.49 155.912599009538 11.8733627502422
0.495 179.893963581619 12.6863386615712
0.5 230.009396740533 14.2735182905971
0.505 256.811058103875 17.4783807226115
0.51 231.31900361225 16.4941678671452
0.515 288.862854626272 15.7760549689057
0.52 311.732606851718 16.4343860338261
0.525 279.656169615537 15.5858077788903
0.53 228.723990007628 14.0869339581186
0.535 184.176615947537 12.776151574936
0.54 161.471196542539 12.0037359358939
0.545 131.72093495908 10.6412126136155
0.55 104.176492776584 9.65289693209669
0.555 89.9029495189103 10.0380705749924
0.56 68.1215757217665 10.8270179694647
0.565 32.1200875059307 6.21913705426877
0.57 14.1784588120074 3.64353754348713
0.575 16.5688663316381 4.51560917940927
0.58 43.9704058199146 7.1602085491878
0.585 47.8683176185341 7.12787909044613
0.59 40.720690295934 6.83588853291705
0.595 43.0059895259555 6.58941361596241
0.6 28.1787811338961 4.93294140854548
0.605 30.0986516101264 6.0437648419287
0.61 36.2494071913203 6.72321611885043
0.615 35.6869751673687 6.82609719643915
0.62 44.4533644419026 7.47644981172183
0.625 36.1026183909712 6.3045519220726
0.63 22.9103272599521 5.53016694635239
0.635 65.190246375341 7.31625274890428
0.64 57.8134657257888 6.12897397526083
0.645 19.0266776870191 3.59697788125419
0.65 61.5191058083164 7.15981013021212
0.655 117.055552732009 11.9063470893308
0.66 96.7019618311292 10.5024321968466
0.665 84.0562992103345 9.00020274208652
0.67 123.906139752676 10.4169892215259
0.675 162.532546603018 11.7196440415462
0.68 146.040741548126 11.1212891172167
0.685 115.112874902318 10.0817924680609
0.69 106.28822947109 9.71428401517509
0.695 82.3425298419377 8.4028124250942
0.7 49.0440630304768 6.41185500372095
0.705 22.9915740264667 5.01379742659222
0.71 46.6833312067419 6.63212444619613
0.715 51.8052761396826 6.67608121705391
0.72 44.226876302426 6.43512865039032
0.725 26.9301834283117 4.92683145039396
0.73 8.77226646955152 3.41345148936754
0.735 25.4986947360795 5.16581767883068
0.74 29.5999336501623 5.62326479925841
0.745 22.7230450383808 5.09683045564638
0.75 53.9085175267436 6.95528921454061
0.755 77.1355601968702 9.04164952703973
0.76 46.8938561811608 7.46776930680847
0.765 27.3877626680759 5.93588160916342
0.77 27.5248308866376 5.24497877306777
0.775 21.1819365369135 4.36402688326349
0.78 24.5241157113301 4.64353572166323
0.785 26.1284943680436 5.28738092793749
0.79 11.9267471966086 4.48653618213095
0.795 13.3860826813547 4.10064816008442
0.8 17.1381069367189 4.41590537588819
0.805 18.3020916958252 4.69159379193341
0.81 40.5345767554408 6.2791409232318
0.815 29.3946093654761 5.14253138346556
0.82 35.754828488739 5.53195620221521
0.825 53.9816185203646 6.90693031277576
0.83 38.2281493334884 5.63595938245447
0.835 20.6422566686626 4.79679231468284
0.84 31.835460361252 6.04396282391665
0.845 44.3305899095536 6.17082045763149
0.85 37.096878639199 5.65095216235292
0.855 54.260729880717 7.85892257571316
0.86 91.1875044948366 9.86628262846157
0.865 88.640122756809 8.68519017019751
0.87 33.2442844032739 4.91031644971054
0.875 31.3829190686435 5.28871329692925
0.88 12.6140955407986 4.48647256084038
0.885 3.83949954539071 3.03197224359317
0.89 5.80266840417332 2.73896556855016
0.895 19.8115269813161 4.51537413346922
0.9 24.9338150587898 3.81603719734429
0.905 5.63055780540988 2.62333644207462
0.91 13.8124208163356 4.65535802634438
0.915 11.5909229088947 4.10631253083752
0.92 3.83886126068858 2.50982872110192
0.925 19.4079639163682 5.15462803039971
0.93 25.6179831813126 6.10521994977879
0.935 8.50970999594232 2.87961729708366
0.94 3.34879856213133 1.83226715558935
0.945 13.3288805969686 3.20703880382123
0.95 28.9942516226846 5.53395956634543
0.955 18.5173795720444 4.58660053733755
0.96 8.60490788965086 3.71751132099504
0.965 23.8695297395431 5.3324915149595
0.97 24.9251088995112 5.09979385522277
0.975 28.4738579233084 5.38420662654839
0.98 43.4390255174057 6.24248675435804
0.985 16.2744869611173 4.93605185219029
0.99 8.26438741588218 3.89172600120548
0.995 13.1611885811893 3.75748367348154
1 13.6826937044018 4.6093809819436
1.005 21.3881858342493 5.44496991625333
1.01 17.6511773213006 4.89854375894391
1.015 1.83628383716495 2.36320769988106
1.02 50.9089693304179 6.10045761474827
1.025 42.9341577868859 6.22674122872812
1.03 35.9992134501564 5.65370398105679
1.035 42.1416201350117 5.87630202724107
1.04 33.3877420063759 5.16563652665173
1.045 42.6853642750594 5.69585279310718
1.05 58.3954799944977 7.24904829862235
1.055 30.787221343426 6.09114391160076
1.06 7.40616627051073 3.32910070493136
1.065 10.7533882996517 3.25998318851698
1.07 12.6747239728246 4.07199729987658
1.075 15.0209918278233 4.58760873761138
1.08 27.4116210949329 5.42136424251973
1.085 36.6373608306564 5.7160306736182
1.09 31.9175967322624 5.57461357075355
1.095 40.4811212651024 6.09427237471984
1.1 42.6633836188391 6.14871209957067
1.105 12.1832431342371 4.70132759018151
1.11 18.0185005633818 4.45054554060652
1.115 15.4898804062458 4.98450779053131
1.12 5.3152433158548 2.73651911445575
1.125 5.13778892266085 2.27078209419749
1.13 9.60000264248693 2.79334366253541
1.135 8.04021978711946 3.1882433374076
1.14 2.11999623170621 3.44505036898478
1.145 13.6333052898144 4.43802790482919
1.15 24.8238948466349 5.38074170657434
1.155 24.344628367568 5.94948566262625
1.16 52.8810587297467 7.81311110761169
1.165 43.0228494098814 6.95183721508213
1.17 16.6352001378511 4.9769158890504
1.175 12.8620452272636 4.31640176163771
1.18 11.4263761590673 5.02824114207199
1.185 33.8287950984926 6.30857985177237
1.19 42.7229950452178 6.10747152259029
1.195 33.4224306830108 5.32716431139761
1.2 28.8527773722972 5.0913318537273
1.205 30.3274125188924 5.0276547522005
1.21 43.0776603025689 6.52290243173099
1.215 7.68345308341819 3.48059213213602
1.22 9.25379281253031 3.88048870832259
1.225 26.6742352487427 4.84705451144055
1.23 17.1318830715345 3.21018837859541
1.235 17.1990804168216 3.6782033309705
1.24 20.7690339134655 5.01526005770719
1.245 12.0724004811989 4.19885454362545
1.25 13.2484263111609 3.98012104865904
1.255 26.7689245044511 6.41968268274473
1.26 28.8327322358316 6.74723447653627
1.265 17.1452016071026 5.22116163307517
1.27 3.48634574667019 3.50748167023263
1.275 19.9574448870217 5.64857891634778
1.28 12.5753585974786 4.14840792033413
1.285 6.09814017212142 4.05217074421669
1.29 28.8243207548019 6.77894584364032
1.295 31.5092362421697 6.51051634662509
1.3 23.6711473517208 4.90201277113317
1.305 13.2664452020773 3.69196026955911
1.31 8.75877795108487 3.7068082576019
1.315 11.1774982713482 4.20907579420784
1.32 23.01084685145 5.79197382793756
1.325 24.5097688957467 6.18694481550395
1.33 23.6974432155885 4.94219050840811
1.335 21.0676235454629 4.21080683975532
1.34 14.0935567872256 3.36939293370427
1.345 11.9981826024455 3.17495151075359
1.35 16.6252984305274 3.80388357137136
1.355 17.6533218830789 3.88486876011177
1.36 5.87641168921688 2.37833913158757
1.365 1.20884617255709 1.37976428893882
1.37 9.12040588934889 2.95698291068844
1.375 28.7377484128654 4.98341463994546
1.38 34.9040276262927 5.84917600569432
1.385 20.3675756139086 4.21724603844742
1.39 14.4984643750398 3.39751072806837
1.395 16.8503892159179 3.65061043868135
1.4 23.9593701478936 4.27089975840701
1.405 26.1157928920027 4.41351136450767
1.41 10.1272683046996 2.99997099145362
1.415 7.94287960660135 3.04383928533574
1.42 13.2661256935415 3.64055649370575
1.425 16.0423338826502 3.69721836801984
1.43 19.9031674707972 4.45109284388594
1.435 22.9395150424645 4.88763516165036
1.44 19.0094413753657 4.15039613798581
1.445 10.8086880816647 3.62108663635483
1.45 10.5860698860313 3.95489572281316
1.455 10.2032021787086 3.97573544108156
1.46 5.8216416279655 4.00430427849431
1.465 11.3906997567652 3.95978230282073
1.47 16.9597578855646 3.91526032714716
1.475 28.9324809780408 4.77225471274589
1.48 22.9913644153692 5.18865237695083
1.485 14.9008924122134 4.69830647739036
1.49 16.784497573304 3.77197712602028
1.495 19.6621431674808 4.08377655040273
1.5 22.0090681410723 4.43496255130631
