-0.1 6.38714111929979 3.68543276711621
-0.095 4.38163059361491 2.91138735356617
-0.09 3.4546744624108 2.73936769984346
-0.085 22.7792913250337 5.8521793007409
-0.08 21.5647960405209 6.86076644158629
-0.075 9.21468563617295 5.75501022085228
-0.07 11.6156478530471 4.93006430464002
-0.065 33.7469258708887 6.12000967838795
-0.06 49.3276200590552 7.48439863779774
-0.055 55.0051534479686 9.22092457039949
-0.05 94.5915612900446 12.8895912255405
-0.045 99.3113931951884 11.5936615080067
-0.04 110.184075523444 11.3377550556205
-0.035 181.100036680088 14.1720773547733
-0.03 257.015996917826 16.9286252469501
-0.025 332.909506000223 19.2068425848911
-0.02 479.881635402812 22.8700672755741
-0.015 719.403864074853 27.7816122786052
-0.01 936.250101789801 31.7364218906314
-0.005 1028.29437701206 38.8033836459587
0 1090.44352518255 38.5768122491307
0.00499999999999999 1070.85489904696 33.5663281600399
0.01 957.786278371839 31.7180899711765
0.015 868.436104693838 30.1253441113132
0.02 725.681325860325 27.3517925713714
0.025 484.673310985839 22.4415288495714
0.03 276.476207635638 17.2291591374937
0.035 188.752449566721 13.9785078051338
0.04 141.934488958516 12.2321696834363
0.045 83.5281542664595 9.78061117031285
0.05 23.8626570754396 6.59569289433681
0.055 34.0351327440847 5.62732873604047
0.06 55.7301936455955 8.00031603395153
0.065 47.0659511012835 6.98809981376942
0.07 40.6565212004982 6.44097744369668
0.075 81.7828480587015 8.88619143547871
0.08 94.0046555697293 9.86670870299378
0.085 66.964673515271 8.54660597275965
0.09 105.154360457298 10.1671817492138
0.095 152.12764699162 12.2440501444297
0.1 180.93563810513 14.8489555176576
0.105 208.674824315685 15.9602176316087
0.11 201.078303149035 13.9190174174693
0.115 230.376681875476 14.7946898250194
0.12 279.444214313957 16.2347402991781
0.125 345.848296273087 17.980057226198
0.13 410.228959836337 19.583106950171
0.135 456.157085082909 20.6106729381384
0.14 517.006382145427 21.9054903446465
0.145 575.744365047856 23.0927578618682
0.15 617.530895343692 27.376145357805
0.155 731.853290045834 29.5786273846682
0.16 1026.51023977957 30.6643852958831
0.165 1558.20677305426 37.7423179389511
0.17 2336.68273319799 46.1151150179299
0.175 3240.44391085437 54.1932246861331
0.18 4027.32525080216 60.3214125900067
0.185 4483.32860962013 63.525456782406
0.19 4654.03522991997 64.6104987180602
0.195 4743.07475237609 65.1054592719039
0.2 4764.49662145396 74.8798253268658
0.205 4492.54070751021 73.3164310576368
0.21 3683.72678755028 57.1457993273121
0.215 2728.3755444458 49.0946018753109
0.22 1913.16829572999 41.0292712007806
0.225 1360.21347244887 34.581348569956
0.23 950.452158729089 28.786615971018
0.235 626.553816079622 23.4398577090626
0.24 470.431909799273 20.2828220657346
0.245 396.304290670011 18.6188133990183
0.25 366.728381943611 20.5442514899496
0.255 354.640216066924 20.3869399698246
0.26 332.927552600003 16.9660586468008
0.265 325.001865353055 16.7760745850666
0.27 283.25695705603 15.6112889479895
0.275 279.715836005472 15.5204126387964
0.28 307.139088167617 16.2831848360571
0.285 311.132811917269 16.4294355727064
0.29 376.214414289448 17.9229119887074
0.295 493.911112493807 20.4572470672608
0.3 563.801957029853 25.4433481921521
0.305 659.382029916874 26.8442292397277
0.31 807.136280817369 26.0963195798448
0.315 952.017945843509 28.2966286719538
0.32 1083.35619763632 30.1318423682864
0.325 1243.74921153767 32.2517262281707
0.33 1380.29678544204 33.962188714347
0.335 1433.8990930341 34.5818431666056
0.34 1433.22271345947 34.5415930479891
0.345 1425.11355541115 34.4127988389847
0.35 1407.57278661356 39.606613636834
0.355 1389.81795349791 38.807883030864
0.36 1286.27374324723 32.5985940044808
0.365 1114.48056006568 30.3235900918547
0.37 965.758376012052 28.2325404207892
0.375 868.075548036862 26.7334057707282
0.38 783.217448074939 25.3415433072142
0.385 706.598618238101 24.054734160135
0.39 633.556222716454 22.7497215272007
0.395 543.153802047281 21.120521022045
0.4 473.564077624477 22.6312174647279
0.405 401.857073462742 20.7952882583227
0.41 326.920902686311 16.3902177631094
0.415 229.888726842267 13.644441938159
0.42 183.826628017223 12.2274533861506
0.425 173.313353599798 11.8521606675433
0.43 150.91824199617 11.0896363430041
0.435 159.088631030759 11.4077320660155
0.44 182.946951467507 12.3204875033733
0.445 159.54837985778 11.5473215373697
0.45 169.469700587781 11.6519467010942
0.455 195.948078002248 14.0466839365264
0.46 148.399728915702 12.6224465202762
0.465 176.168634787152 11.8766796271432
0.47 192.150883853325 12.4429956831449
0.475 184.588406350609 12.2659666709396
0.48 210.889269548899 13.0235238565186
0.485 297.351993245253 15.380344428793
0.49 373.606226932588 17.3065063432685
0.495 406.905013037049 17.9799108738994
0.5 457.729205004291 19.0327733152061
0.505 511.125647001683 22.996249749616
0.51 553.520653229678 24.0862798271043
0.515 572.756787077415 21.2501515835212
0.52 618.80439195597 22.0639666711294
0.525 640.798657886739 22.4553700047449
0.53 628.356644611528 22.2283878257182
0.535 567.17822817421 21.0840966762776
0.54 483.006505683502 19.4817542691398
0.545 428.192782964252 18.3086753571044
0.55 345.262452910236 16.4559475808034
0.555 297.999796447132 17.5586466236382
0.56 265.760336356416 16.7037883113652
0.565 206.678997013247 12.7631662677782
0.57 159.56323345581 11.2108064025763
0.575 129.579001594343 10.1324949018343
0.58 116.449047652998 9.61090347280544
0.585 115.437887482329 9.48899034617489
0.59 107.288286014845 9.17586408421642
0.595 95.52680588754 8.68480607066522
0.6 89.1554652486719 8.32042757082277
0.605 125.031928536259 11.4301989169288
0.61 163.664532118571 13.3672475446674
0.615 108.492829036813 9.15643816667346
0.62 126.961103964475 9.87640356699488
0.625 119.690606821676 10.0652073046568
0.63 59.6799383060782 7.74827463127959
0.635 79.1799209428383 8.1442822444129
0.64 145.01267596636 10.5341434873398
0.645 192.58458529358 12.1430850905273
0.65 202.552427007933 12.4572365874221
0.655 214.216527812944 14.8769646681071
0.66 245.935052356288 15.9837758341963
0.665 253.450237484212 13.9579538332235
0.67 290.372468584915 14.9348363345058
0.675 318.29292017399 15.6083614592038
0.68 340.448947450835 16.1127855579493
0.685 336.848635699415 16.0138279456646
0.69 313.272933656948 15.4524285001934
0.695 320.722035605495 15.6212591294819
0.7 331.274871274115 15.8713357337846
0.705 300.824331811335 17.3972411901868
0.71 285.743157803685 17.1755205006772
0.715 240.52404789469 13.5558851929219
0.72 207.975543534403 12.5713845150905
0.725 158.074302952294 10.9088829583653
0.73 98.861598654331 8.58391232349078
0.735 82.6874180671636 8.10192374317333
0.74 90.4799188596312 8.51515498319501
0.745 85.8913956682435 8.10711060676381
0.75 88.279867470568 8.23253811252338
0.755 80.0799000724395 8.4337256775559
0.76 80.2186654508016 8.28160052573242
0.765 72.0147857041045 7.82666333445525
0.77 69.1533909005233 7.66602269371103
0.775 76.719309779549 7.93539210206655
0.78 72.24645943185 7.6348631806957
0.785 68.8205926199736 7.25690530561411
0.79 72.4122175301464 7.50751359231594
0.795 76.7409761906474 8.01340913159751
0.8 79.9474412493017 8.09643548920511
0.805 78.8514145281364 8.71178259044912
0.81 55.2990156601158 7.42382949769266
0.815 78.7500377831181 8.30211601279232
0.82 129.90546072308 10.0535784600233
0.825 143.443724277905 10.3456050589894
0.83 144.741306380663 10.3901867959309
0.835 130.241165642069 9.8583015141298
0.84 153.575216255788 10.7252370044845
0.845 203.472355067869 12.4404550826686
0.85 178.663663727137 11.5711936496163
0.855 125.41591417361 11.4113272774998
0.86 209.221261823226 13.9237456446394
0.865 202.100096872578 12.2359388678323
0.87 173.441513453421 11.3440733377907
0.875 194.372726054312 12.0004259052762
0.88 197.916534810527 12.1132670499658
0.885 179.914568690485 11.5407488644354
0.89 155.862573371872 10.7097438293953
0.895 111.84937527662 9.06654161667057
0.9 84.2522826950855 7.92503244338129
0.905 91.2098872915948 8.26627678543218
0.91 101.570106583348 9.70407781878206
0.915 60.6960808924726 8.08040096156074
0.92 44.5855747853456 6.04716719683569
0.925 26.4124436651467 5.30134598981457
0.93 13.3829883316279 4.27678855316411
0.935 17.8447982703563 3.78793465792688
0.94 13.2054376179645 2.99098255066176
0.945 9.2892784652355 3.41816835743741
0.95 27.0272979350083 5.11357155461881
0.955 38.8226468275213 5.35038796909623
0.96 45.7868036143673 6.88523130767231
0.965 35.8711793280803 5.91951317476865
0.97 17.2029568568225 4.5872942137154
0.975 28.7485912239051 4.95206953995384
0.98 37.9169477007754 5.27980445194026
0.985 30.9458125351235 5.31302893624211
0.99 32.9799058096513 5.65205356567245
0.995 67.5258849068434 7.11887201426399
1 81.890955510862 7.91488372686157
1.005 100.499215107128 8.56435164483951
1.01 127.723675246788 11.0697360539851
1.015 117.769045731314 10.7824441898422
1.02 112.064917711331 9.05450305620007
1.025 97.1062247602876 8.41607463721303
1.03 115.030766561145 9.14334977963196
1.035 125.385377848305 9.59572072984131
1.04 125.735883680385 9.62524358887242
1.045 132.466507320122 10.0562961076208
1.05 129.847773514956 10.0397666548912
1.055 123.102335935345 9.76945168744119
1.06 76.1237804217916 8.78097258789703
1.065 56.3050268592875 7.14943495929996
1.07 81.594716609281 7.71722549410462
1.075 92.5876116221319 8.42527315064461
1.08 76.8220565007891 7.68728467556283
1.085 68.72161341694 7.22130153235672
1.09 82.8258737867315 7.84751046740383
1.095 94.8430396741076 8.30396603464364
1.1 95.7157163363889 8.35179843901764
1.105 74.0388860292782 7.40414273052118
1.11 43.473335439109 6.24316141416324
1.115 59.7130520113091 7.03617212262303
1.12 54.2107882811626 6.27040834259819
1.125 48.2144301802313 5.9780580208063
1.13 62.6251538647615 6.76503470775813
1.135 40.2853616746418 5.16190646540737
1.14 37.6630119334274 5.10818555167857
1.145 50.3221897674265 6.17330310995557
1.15 52.9602004427274 6.26904829274347
1.155 53.0494856772049 6.37854600765268
1.16 15.8089489248696 5.02779708777063
1.165 80.5258216244682 8.81039274302718
1.17 69.5015135136035 7.49468750680074
1.175 47.0766585741599 6.13017092142287
1.18 83.1220319461504 7.63120395444253
1.185 109.616521961697 8.92018524963201
1.19 111.331076596646 8.96959511077989
1.195 93.317438225025 8.1999752137967
1.2 67.8872710845123 7.13940787760509
1.205 73.0951184173431 7.46062148541059
1.21 91.9208438307893 9.85351634730804
1.215 121.042599913192 10.598105467226
1.22 114.828608160508 9.17730284597676
1.225 71.8523206437639 7.22205616182934
1.23 20.1643101584372 4.64982535380453
1.235 34.7094716159184 5.609457033738
1.24 36.7116173636668 5.72721398912171
1.245 20.8121841127835 4.17209887348235
1.25 8.21197319037087 3.49590669212084
1.255 30.0111625947588 5.53670923768439
1.26 71.8300898821394 8.85845615379828
1.265 73.1663455986308 8.51528609030428
1.27 38.4432804102532 5.5548110282547
1.275 21.9597254483648 4.53449487332383
1.28 37.3291616506955 5.28350013684257
1.285 27.2193566269393 4.21763006030789
1.29 11.0430488772995 3.01281255128209
1.295 20.1187866408687 3.88561986160524
1.3 11.9180914242432 2.92185026943139
1.305 8.59575759404447 2.44539337083527
1.31 16.0557633744354 3.41909555656656
1.315 35.2087700130623 5.93776124833759
1.32 54.762474852657 7.30669498238771
1.325 51.7235800510851 6.08573674442032
1.33 49.2530204116926 5.93900235160166
1.335 38.6552856404923 5.29410855676324
1.34 49.8091735751265 5.95606819542571
1.345 78.3965294171373 7.64410017173588
1.35 64.8833599574176 6.75006630445165
1.355 29.3966928523249 4.76244978297419
1.36 55.0993114444454 6.36677665541914
1.365 84.6116886612692 8.71894083309313
1.37 54.3256460062973 7.30715446671798
1.375 31.6045188355242 4.73407318678555
1.38 27.1402692763648 4.5114323057912
1.385 57.6474567642765 6.61023154264185
1.39 77.085641989633 7.62466960810132
1.395 62.121058069045 6.69013201058983
1.4 28.2768134897121 4.40395946879819
1.405 39.1655666000034 4.78447469742381
1.41 65.2405235269801 6.79690125656079
1.415 35.0330428085633 5.76559946140017
1.42 28.2682696169162 5.29402199306373
1.425 61.2082832118047 6.46151816920291
1.43 67.5475114397657 7.01873944933006
1.435 53.5570976390807 6.24857882495566
1.44 58.7506091033584 6.43445952325934
1.445 55.9540040431081 6.27430298513513
1.45 52.0792878201015 6.10506596051016
1.455 66.7069995148683 6.95792228622363
1.46 54.4904840625177 6.50364509655959
1.465 21.7963881816112 5.04409935268558
1.47 28.1654961019134 4.85427556709702
1.475 34.4095178572541 4.93687856432011
1.48 30.2125436811293 4.6499342421416
1.485 43.3386172133902 5.72442216722417
1.49 47.4588817338628 6.01169935024237
1.495 33.4274552294822 4.87020946853889
1.5 30.0842858926779 4.68628552672017
