-0.1 67.3494398005802 9.50297590210259
-0.095 63.7326996385713 9.88274213938086
-0.09 56.9708468364419 9.37621296500138
-0.085 52.0117186898384 8.60912134503539
-0.08 65.6220293192732 11.6178061627521
-0.075 75.288140802145 11.7257044227312
-0.07 95.0404253252483 11.500650731884
-0.065 182.19188406077 14.7635910971619
-0.06 190.706652607385 15.0941830740751
-0.055 152.140743851925 14.6279565347857
-0.05 175.22191811069 16.4703866906233
-0.045 280.952765127864 19.4283972799948
-0.04 383.583869264738 24.8425874368955
-0.035 470.205658438441 26.7897425083225
-0.03 689.426874647787 27.6764960659067
-0.025 1024.69625305143 33.4965878264801
-0.02 1507.98165086345 40.4431627361778
-0.015 2051.62296063773 47.0234837609834
-0.01 2439.07689615806 51.1908334443808
-0.005 2576.43046261233 61.4099898545319
0 2537.67472410292 59.0178784198741
0.00499999999999999 2425.3350818871 50.4244952510359
0.01 2264.50854809653 48.5168611973429
0.015 1950.7024249528 44.7957721494102
0.02 1524.2569625292 39.4141034526477
0.025 1102.58841305688 33.3888471493734
0.03 778.299359594334 27.9452697208806
0.035 559.251241541738 27.133460300755
0.04 362.480794167642 22.4946919881556
0.045 168.235307546369 14.3118678751133
0.05 82.173855227932 10.9487554891709
0.055 136.305558827128 11.8226819683385
0.06 160.304899745505 13.161026993786
0.065 139.087211152585 12.666132267391
0.07 122.526385066623 12.4718482243827
0.075 118.303166467179 13.0467591990531
0.08 166.300957147658 14.3885164691336
0.085 168.134450537731 13.4973442585845
0.09 172.635188427361 13.4912725829917
0.095 167.866305192438 13.5384733859207
0.1 225.872902859838 14.8240118960747
0.105 241.830331535148 14.8531113180714
0.11 240.501366547186 14.775319991031
0.115 258.775562787061 17.3408815496951
0.12 323.326022669659 18.9041049190141
0.125 397.191929768527 18.5646123350299
0.13 425.098574388928 19.1784988934686
0.135 508.336582575019 20.8885260394702
0.14 586.832452791845 22.2831093524732
0.145 625.467319390697 22.8817293980567
0.15 739.264165452778 24.6505436924367
0.155 951.385406400121 32.3315822607015
0.16 1150.38946775642 35.0315142289214
0.165 1649.49031647267 36.6914817103693
0.17 2470.06644340862 44.6384808988748
0.175 3430.55506633773 52.3490167173426
0.18 4130.08409875849 57.2484368744283
0.185 4499.91689390643 59.5049366143396
0.19 4726.1209880825 60.7552613180685
0.195 4799.02974611888 69.9917889626496
0.2 4731.27744807214 70.3562709404517
0.205 4548.92050576364 59.0187240904177
0.21 3927.33868615755 54.7171099927868
0.215 2989.66992899033 47.6698213620765
0.22 2102.06827439972 39.926443418332
0.225 1452.52127281642 33.1414825375184
0.23 1057.81091137316 28.2569690066656
0.235 826.896228401293 27.99758763959
0.24 643.047368658958 25.6988685107498
0.245 505.747405825799 19.2624130868675
0.25 498.048613363458 19.1034837904784
0.255 526.525263102954 19.6367075070579
0.26 500.422633630856 19.196022876305
0.265 484.026503210234 18.9075815121494
0.27 514.334042627361 22.8180798047391
0.275 549.54285234606 22.622634724944
0.28 590.826963946819 20.5442295434652
0.285 626.208180870367 21.0496127686602
0.29 719.652006309101 22.4366673429414
0.295 864.163567553036 24.5128793634756
0.3 1016.8872922151 26.5489685735633
0.305 1205.97783781996 28.8397394455404
0.31 1435.12495311676 36.8370202743684
0.315 1711.2583309092 38.7834097571177
0.32 2049.82105473391 37.4638791992875
0.325 2273.97645178338 39.3870634144783
0.33 2453.01755730123 40.8154421077911
0.335 2614.97422728828 42.0765855202338
0.34 2760.467485949 43.1590065399446
0.345 2857.07582846872 43.8301367355526
0.35 2785.80419394058 50.0173488285652
0.355 2602.68744873307 48.1556057298882
0.36 2415.70744465723 40.1042934023805
0.365 2159.64217479654 37.8471594763194
0.37 1890.12200398279 35.3527786159853
0.375 1687.08527541993 33.3684571110882
0.38 1531.48830326849 31.7464059444693
0.385 1345.44255510593 29.7023519427585
0.39 1160.17908221031 31.5570596836262
0.395 1005.94718055451 29.5676338565037
0.4 880.72440516306 23.904683688882
0.405 784.11629669994 22.5203938982258
0.41 659.151193056459 20.5876802235452
0.415 535.332340497754 18.5392653678076
0.42 429.997832234705 16.596115029598
0.425 358.576300176609 15.2002119806563
0.43 338.616959783789 16.8778935612319
0.435 288.214302739586 16.5594616933253
0.44 304.011938097047 14.1980939682882
0.445 341.369987644552 14.8219956589994
0.45 333.897365627387 14.6362406162914
0.455 339.083031310704 14.6785042260711
0.46 369.080809757868 15.3927071671898
0.465 360.028887812657 15.1978737203623
0.47 387.666716448751 17.8892956046108
0.475 409.837464463005 18.7036732532933
0.48 477.461749958624 17.2889235208388
0.485 542.362096350225 18.5331845317737
0.49 587.084963807215 19.2184826306624
0.495 663.938284175307 20.3348284624374
0.5 775.004895322146 21.991479953734
0.505 883.943615687233 23.4773381497854
0.51 951.598478651112 27.7644858990438
0.515 1009.82604116248 29.064287930331
0.52 1113.35784366561 26.1929772419571
0.525 1168.73174070362 26.8290431249382
0.53 1141.51423427863 26.5001861346253
0.535 1094.58393654068 25.9400242737941
0.54 1044.79410729247 25.3483224152929
0.545 949.195135689966 28.0349001187313
0.55 881.354968293365 26.5078782181642
0.555 759.058077231075 21.523399707703
0.56 665.26949143916 20.1430717302422
0.565 588.725388096522 18.9522557338237
0.57 527.360338507448 17.9427650232074
0.575 457.907063184833 16.6626611803509
0.58 394.916519336134 15.4818885807507
0.585 391.134790563999 18.0151987493942
0.59 362.474262674505 17.1802592628025
0.595 309.53498557533 13.8027737512129
0.6 298.477460914339 13.670730332778
0.605 297.011166920296 13.5614991768316
0.61 292.909877638071 13.3988976336076
0.615 287.793719083152 13.2606147692512
0.62 271.223395948453 12.8207030309394
0.625 281.177583477494 15.0513134938063
0.63 293.867464822302 15.2445408776719
0.635 298.355080870909 13.3745918856222
0.64 293.717417356847 13.2578354127387
0.645 321.82669552738 13.912930604577
0.65 380.671480036067 15.1612745839269
0.655 421.621424944244 15.9315103075414
0.66 433.500947151589 16.1119546631514
0.665 449.366222583741 19.0335883697805
0.67 533.379347902099 20.5780511051462
0.675 620.580636059025 19.215756343309
0.68 648.533448864448 19.6309533973772
0.685 647.806798201311 19.61280062257
0.69 657.972324275036 19.7437705831787
0.695 689.406533312121 20.2185223500698
0.7 720.469428415878 20.6867509177804
0.705 746.407545047483 24.1475993128042
0.71 727.49685121792 24.218611918437
0.715 649.194642811246 19.6129178990382
0.72 619.427371866854 19.1473668900308
0.725 558.884203266834 18.1590268794558
0.73 499.090559601004 17.1801448885608
0.735 447.508364588114 16.2111629651403
0.74 360.759608381573 14.5493113389435
0.745 307.909446123331 15.3427223147067
0.75 285.911039586379 15.3552334008061
0.755 230.117979139808 11.7140771723567
0.76 185.400991868248 10.6538730658141
0.765 193.067139746633 11.0018001630906
0.77 204.615965826426 11.2334020544849
0.775 187.725661660145 10.657419428968
0.78 181.173532855252 10.6713908666139
0.785 188.866117067871 12.0563659187535
0.79 210.795800678196 13.356274261477
0.795 190.95636112462 10.8005069476092
0.8 200.545292813311 11.008399203667
0.805 224.653948685365 11.6656756745294
0.81 256.165806398749 12.4049321040586
0.815 287.53290097155 12.9398210011523
0.82 292.438414535769 15.1399061352839
0.825 281.891034609962 14.803032037117
0.83 296.804090224495 13.2448829195849
0.835 315.29894095583 13.5556284372023
0.84 370.887167136105 14.6651536277722
0.845 419.908013301292 15.6188371955246
0.85 436.761799289748 15.9268075435045
0.855 426.669120849937 15.7523638397402
0.86 439.951361578915 18.6796030619831
0.865 467.240024958064 18.8671036525431
0.87 431.313851747173 15.8161976099645
0.875 441.446319445138 15.9822206329383
0.88 432.385004182991 15.8047534368926
0.885 400.480883263189 15.2724592079704
0.89 389.132108254936 15.0895649226796
0.895 371.618653623223 14.731649336363
0.9 328.329460584972 16.1736597723349
0.905 349.895000277918 16.3331219145403
0.91 383.89473428106 14.8919934640939
0.915 331.835426422743 13.9326729425396
0.92 264.040910619913 12.4793313487815
0.925 253.401453984142 12.1606152748
0.93 249.375409569017 12.1102689117127
0.935 226.009499964435 11.577989262547
0.94 217.093002026846 12.7423963842571
0.945 183.589866696745 11.9323495358773
0.95 196.357348542671 10.8584140408789
0.955 177.358558594914 10.2712199666711
0.96 118.758631023384 8.96501122939866
0.965 149.931067136114 9.86224940114292
0.97 235.735175245163 11.8544301529164
0.975 263.939434561761 12.3922545147147
0.98 197.209552542928 12.1049975659975
0.985 217.925704393032 12.5660990855961
0.99 275.160837741398 12.5680775883119
0.995 267.267403730666 12.6216953762827
1 259.460634825325 12.4219803202977
1.005 264.394147041648 12.3774009651017
1.01 251.647533646122 12.1349509247915
1.015 239.095018051467 11.7702755277214
1.02 306.584744025893 15.2295211980202
1.025 360.095134858619 16.8273122622727
1.03 335.465008286248 13.952482831951
1.035 330.668773683162 13.8498464613104
1.04 337.07959670028 13.906009786962
1.045 351.432105621173 14.1621279122899
1.05 356.686943001509 14.2704275432021
1.055 319.5636556333 13.5440895293299
1.06 260.898869684549 14.257581672508
1.065 273.253111148979 14.8349063948139
1.07 261.311769751091 12.4227405760668
1.075 261.764403129686 12.3967617711761
1.08 234.577032684687 11.8147075759637
1.085 192.204087440825 10.9290735464268
1.09 195.101459692461 10.7439865650821
1.095 217.647093537355 13.1853773108957
1.1 229.855204482836 13.0547892724647
1.105 206.625962480733 10.9361077533158
1.11 180.700940102829 10.2219250192679
1.115 129.880119520199 8.63792452433713
1.12 120.147597293641 8.58601377924576
1.125 122.626855645745 8.8452938831171
1.13 133.59949833908 8.95599760888268
1.135 154.209240749582 10.7494481526313
1.14 137.344699204766 10.4525724079323
1.145 163.778711315383 9.75019005606243
1.15 158.818649373164 10.2863198024584
1.155 139.420849829063 9.74686529166308
1.16 172.735236840964 9.89270137732216
1.165 209.120678678531 11.0370965751046
1.17 193.9811633802 10.7306387537694
1.175 194.035845138554 12.1700115433447
1.18 233.173365050537 13.0775102423116
1.185 245.692845102405 11.8990392495277
1.19 256.451511249889 12.106073609848
1.195 255.038928065865 12.0451467598572
1.2 199.224986112676 11.0385523428436
1.205 200.213999992693 11.1663094172162
1.21 246.250697786412 12.0079919132584
1.215 220.578508368778 12.9843076967018
1.22 233.77949914373 13.4466636627081
1.225 254.442115517023 12.1300369031401
1.23 208.629996864835 11.2403742102728
1.235 189.56863115977 10.7737026701277
1.24 190.858713802286 10.5242459134665
1.245 163.915598319093 10.0062264424845
1.25 164.500874625938 10.0345253724039
1.255 171.034435063332 11.2593140035236
1.26 191.672215439059 12.0091636301612
1.265 248.180296503407 12.022538067222
1.27 221.94226623226 11.3875280151932
1.275 188.125202554505 10.5710700222946
1.28 181.33571922304 10.2411299712703
1.285 180.990429108831 10.1299038257451
1.29 174.923900582023 10.0315603195685
1.295 148.385897787409 10.6485283968678
1.3 158.141800680996 11.126276374885
1.305 153.150503053254 9.60766926210425
1.31 148.782097532289 9.43048789040938
1.315 166.945383721784 9.78480919535754
1.32 151.387783498988 9.25587876111274
1.325 109.27563746335 8.0072915714859
1.33 92.1232668940226 7.47714091674922
1.335 157.147806741788 10.8724063055664
1.34 144.855500110858 10.6480742079103
1.345 147.440141995504 9.20243234689907
1.35 124.377787119562 8.70955592865988
1.355 137.670497442528 9.19464729739461
1.36 156.973327005518 9.74080161924117
1.365 183.242203493328 10.3216079102721
1.37 226.384018275178 13.2223416836301
1.375 210.341133821572 12.7542317290473
1.38 165.146486831508 9.77673229668168
1.385 184.811845053199 10.2730382122872
1.39 209.847643164567 10.9093843520842
1.395 186.981654000889 10.2415465102457
1.4 192.025308324856 10.381072707245
1.405 219.022062097917 11.1729886032365
1.41 213.352356570178 12.7189886235316
1.415 203.485332035238 12.3066106157009
1.42 182.42042237713 10.2829484889874
1.425 178.388439277462 10.1776959455876
1.43 174.435386128964 10.2525317699827
1.435 128.084915996347 8.59612657741941
1.44 100.772954714321 7.63363777713797
1.445 103.141365287954 7.86024774254052
1.45 88.638217427204 8.51076544669707
1.455 93.6391854281903 9.10280864313652
1.46 118.197615889017 8.56795014467365
1.465 132.566558475393 8.7209181849217
1.47 120.493220064987 8.25787018318693
1.475 127.161736751994 8.49657121261404
1.48 149.098646912616 9.18924402278119
1.485 152.730074773672 9.2739492692669
1.49 167.528075983417 11.2316638990142
1.495 171.259996314363 11.408762524851
1.5 133.430122099128 8.77520711408637
