-0.1 711.98753731996
-0.0988988988988989 716.81862968181
-0.0977977977977978 721.700656524418
-0.0966966966966967 726.634352193499
-0.0955955955955956 731.620464513977
-0.0944944944944945 736.659755090917
-0.0933933933933934 741.752999618352
-0.0922922922922923 746.90098819641
-0.0911911911911912 752.104525656657
-0.0900900900900901 757.364431896162
-0.088988988988989 762.681542220637
-0.0878878878878879 768.0567076965
-0.0867867867867868 773.490795512714
-0.0856856856856857 778.9846893522
-0.0845845845845846 784.539289773558
-0.0834834834834835 790.155514602737
-0.0823823823823824 795.834299336264
-0.0812812812812813 801.576597554458
-0.0801801801801802 807.383381347098
-0.0790790790790791 813.255641750218
-0.077977977977978 819.194389195127
-0.0768768768768769 825.200653970417
-0.0757757757757758 831.275486696341
-0.0746746746746747 837.419958812939
-0.0735735735735736 843.63516308186
-0.0724724724724725 849.922214102396
-0.0713713713713714 856.282248842405
-0.0702702702702703 862.716427184012
-0.0691691691691692 869.225932485701
-0.0680680680680681 875.811972159907
-0.066966966966967 882.475778267937
-0.0658658658658659 889.218608131826
-0.0647647647647648 896.04174496441
-0.0636636636636637 902.946498517634
-0.0625625625625626 909.934205750164
-0.0614614614614615 917.006231514717
-0.0603603603603604 924.163969265993
-0.0592592592592593 931.408841789393
-0.0581581581581582 938.742301952228
-0.0570570570570571 946.165833476943
-0.055955955955956 953.68095173826
-0.0548548548548549 961.289204584277
-0.0537537537537538 968.992173182723
-0.0526526526526527 976.791472893499
-0.0515515515515516 984.688754167511
-0.0504504504504505 992.685703474056
-0.0493493493493493 1000.78404425644
-0.0482482482482482 1008.98553791815
-0.0471471471471471 1017.29198483906
-0.046046046046046 1025.70522542495
-0.0449449449449449 1034.22714118886
-0.0438438438438438 1042.85965586834
-0.0427427427427427 1051.60473657718
-0.0416416416416416 1060.464394995
-0.0405405405405405 1069.440688595
-0.0394394394394394 1078.53572191135
-0.0383383383383383 1087.75164784818
-0.0372372372372372 1097.09066903144
-0.0361361361361361 1106.555039205
-0.035035035035035 1116.14706467319
-0.0339339339339339 1125.86910579131
-0.0328328328328328 1135.72357850558
-0.0317317317317317 1145.71295594515
-0.0306306306306306 1155.83977006743
-0.0295295295295295 1166.10661335976
-0.0284284284284284 1176.51614059833
-0.0273273273273273 1187.07107066795
-0.0262262262262262 1197.77418844369
-0.0251251251251251 1208.62834673841
-0.024024024024024 1219.63646831727
-0.0229229229229229 1230.80154798297
-0.0218218218218218 1242.1266547341
-0.0207207207207207 1253.61493399952
-0.0196196196196196 1265.26960995199
-0.0185185185185185 1277.09398790464
-0.0174174174174174 1289.09145679255
-0.0163163163163163 1301.26549174448
-0.0152152152152152 1313.61965674713
-0.0141141141141141 1326.15760740687
-0.013013013013013 1338.88309381191
-0.0119119119119119 1351.7999635003
-0.0108108108108108 1364.91216453738
-0.0097097097097097 1378.22374870775
-0.00860860860860861 1391.7388748263
-0.0075075075075075 1405.46181217417
-0.00640640640640641 1419.39694406383
-0.00530530530530531 1433.54877154037
-0.0042042042042042 1447.92191722357
-0.00310310310310311 1462.52112929787
-0.002002002002002 1477.35128565607
-0.000900900900900906 1492.41739820468
0.000200200200200201 1507.72461733671
0.00130130130130131 1523.27823658044
0.0024024024024024 1539.08369743179
0.00350350350350351 1555.14659437872
0.0046046046046046 1571.47268012626
0.00570570570570571 1588.06787103186
0.00680680680680681 1604.9382527596
0.00790790790790791 1622.09008616517
0.00900900900900901 1639.52981342103
0.0101101101101101 1657.26406439356
0.0112112112112112 1675.29966328403
0.0123123123123123 1693.64363554599
0.0134134134134134 1712.30321509255
0.0145145145145145 1731.28585180667
0.0156156156156156 1750.5992193703
0.0167167167167167 1770.25122342682
0.0178178178178178 1790.25001009419
0.0189189189189189 1810.60397484461
0.02002002002002 1831.32177177097
0.0211211211211211 1852.4123232569
0.0222222222222222 1873.8848300731
0.0233233233233233 1895.74878191968
0.0244244244244244 1918.01396843797
0.0255255255255255 1940.69049071628
0.0266266266266266 1963.78877331375
0.0277277277277277 1987.31957683036
0.0288288288288288 2011.29401105065
0.0299299299299299 2035.72354869249
0.031031031031031 2060.62003979117
0.0321321321321321 2085.99572675376
0.0332332332332332 2111.86326012023
0.0343343343343343 2138.23571506653
0.0354354354354355 2165.12660869382
0.0365365365365365 2192.54991814331
0.0376376376376376 2220.52009958461
0.0387387387387387 2249.05210812328
0.0398398398398399 2278.16141868205
0.0409409409409409 2307.86404790686
0.042042042042042 2338.17657715811
0.0431431431431432 2369.11617664774
0.0442442442442443 2400.70063078664
0.0453453453453453 2432.94836481544
0.0464464464464464 2465.87847278875
0.0475475475475476 2499.5107469952
0.0486486486486487 2533.86570889637
0.0497497497497497 2568.96464167498
0.0508508508508509 2604.82962448772
0.051951951951952 2641.4835685263
0.0530530530530531 2678.95025499507
0.0541541541541542 2717.25437512205
0.0552552552552553 2756.42157233008
0.0563563563563564 2796.47848669847
0.0574574574574575 2837.45280186046
0.0585585585585586 2879.37329448921
0.0596596596596597 2922.26988653405
0.0607607607607608 2966.17370038459
0.0618618618618619 3011.11711714875
0.062962962962963 3057.13383824784
0.0640640640640641 3104.25895054247
0.0651651651651652 3152.52899522435
0.0662662662662663 3201.98204071978
0.0673673673673674 3252.65775987474
0.0684684684684685 3304.59751170795
0.0695695695695696 3357.84442804166
0.0706706706706707 3412.44350534356
0.0717717717717718 3468.44170213734
0.0728728728728729 3525.88804236761
0.073973973973974 3584.83372513712
0.0750750750750751 3645.3322412626
0.0761761761761762 3707.43949713511
0.0772772772772773 3771.21394640639
0.0783783783783784 3836.71673006677
0.0794794794794795 3904.01182552301
0.0805805805805806 3973.16620533805
0.0816816816816817 4044.25000634395
0.0827827827827828 4117.3367099037
0.0838838838838839 4192.50333415587
0.084984984984985 4269.83063915096
0.0860860860860861 4349.40334586427
0.0871871871871872 4431.31037014925
0.0882882882882883 4515.6450727951
0.0893893893893894 4602.50552694322
0.0904904904904905 4691.99480423345
0.0915915915915916 4784.22128116753
0.0926926926926927 4879.29896730828
0.0937937937937938 4977.34785708081
0.0948948948948949 5078.49430709067
0.095995995995996 5182.87144105671
0.0970970970970971 5290.6195846406
0.0981981981981982 5401.88673266113
0.0992992992992993 5516.82905141452
0.1004004004004 5635.61141906531
0.101501501501502 5758.40800735797
0.102602602602603 5885.40290818672
0.103703703703704 6016.79080890591
0.104804804804805 6152.77772061783
0.105905905905906 6293.58176407844
0.107007007007007 6439.43401829681
0.108108108108108 6590.57943738937
0.109209209209209 6747.2778417681
0.11031031031031 6909.80499032799
0.111411411411411 7078.45374092132
0.112512512512513 7253.53530710475
0.113613613613614 7435.38061988573
0.114714714714715 7624.34180402483
0.115815815815816 7820.79377932837
0.116916916916917 8025.13599833686
0.118018018018018 8237.79433284117
0.119119119119119 8459.22312277774
0.12022022022022 8689.9074022393
0.121321321321321 8930.36531858008
0.122422422422422 9181.15076193367
0.123523523523524 9442.85622379098
0.124624624624625 9716.11590469806
0.125725725725726 10001.6090924942
0.126826826826827 10300.063833838
0.127927927927928 10612.2609229911
0.129029029029029 10939.0382328348
0.13013013013013 11281.2954138137
0.131231231231231 11639.9989867619
0.132332332332332 12016.1878551828
0.133433433433433 12410.979261302
0.134534534534535 12825.5752077516
0.135635635635636 13261.2693626677
0.136736736736737 13719.4544598727
0.137837837837838 14201.6301969107
0.138938938938939 14709.4116213676
0.14004004004004 15244.5379791461
0.141141141141141 15808.8819760494
0.142242242242242 16404.4593748766
0.143343343343343 17033.4388126724
0.144444444444444 17698.1516751007
0.145545545545546 18401.101805171
0.146646646646647 19144.974749757
0.147747747747748 19932.6461574467
0.148848848848849 20767.1888333128
0.14994994994995 21651.8778288269
0.151051051051051 22590.1927973619
0.152152152152152 23585.8166780721
0.153253253253253 24642.6295851273
0.154354354354354 25764.6965797516
0.155455455455455 26956.2477961946
0.156556556556557 28221.6491904877
0.157657657657658 29565.3619977543
0.158758758758759 30991.8888396252
0.15985985985986 32505.7043431846
0.160960960960961 34111.1681464425
0.162062062062062 35812.4183067408
0.163163163163163 37613.2434340239
0.164264264264264 39516.932377176
0.165365365365365 41526.1010313863
0.166466466466466 43642.4968328635
0.167567567567568 45866.7827755302
0.168668668668669 48198.3043151944
0.16976976976977 50634.8442875196
0.170870870870871 53172.3728946633
0.171971971971972 55804.8018167001
0.173073073073073 58523.7534486869
0.174174174174174 61318.3579937499
0.175275275275275 64175.0924737559
0.176376376376376 67077.676458592
0.177477477477477 70007.0392735751
0.178578578578579 72941.3724579301
0.17967967967968 75856.2791982089
0.180780780780781 78725.0292989759
0.181881881881882 81518.9240167087
0.182982982982983 84207.7699076507
0.184084084084084 86760.454966442
0.185185185185185 89145.6140968946
0.186286286286286 91332.3647746204
0.187387387387387 93291.0880993645
0.188488488488489 94994.2257680786
0.18958958958959 96417.0602706427
0.190690690690691 97538.4441798384
0.191791791791792 98341.4450168893
0.192892892892893 98813.8749078978
0.193993993993994 98948.6790189492
0.195095095095095 98744.1633066566
0.196196196196196 98204.0500284651
0.197297297297297 97337.3581820577
0.198398398398398 96158.1149698623
0.199499499499499 94684.912877668
0.200600600600601 92940.3344220616
0.201701701701702 90950.272557808
0.202802802802803 88743.1787806645
0.203903903903904 86349.2729150188
0.205005005005005 83799.7484164403
0.206106106106106 81126.0048926068
0.207207207207207 78358.9357410282
0.208308308308308 75528.2937150192
0.209409409409409 72662.1513210214
0.210510510510511 69786.466696374
0.211611611611612 66924.7594697357
0.212712712712713 64097.8954549492
0.213813813813814 61323.9741766475
0.214914914914915 58618.309374437
0.216016016016016 55993.4898805574
0.217117117117117 53459.5066173413
0.218218218218218 51023.9308384406
0.219319319319319 48692.1290041539
0.22042042042042 46467.5006610866
0.221521521521522 44351.7271961329
0.222622622622623 42345.0211637722
0.223723723723724 40446.3678682912
0.224824824824825 38653.7528702447
0.225925925925926 36964.370962827
0.227027027027027 35374.8138456692
0.228128128128128 33881.2351604089
0.229229229229229 32479.4927212463
0.23033033033033 31165.2686749183
0.231431431431431 29934.1689752019
0.232532532532533 28781.8039854752
0.233633633633634 27703.8522639652
0.234734734734735 26696.1096767224
0.235835835835836 25754.5259589224
0.236936936936937 24875.2307383913
0.238038038038038 24054.550874343
0.239139139139139 23289.0207723871
0.24024024024024 22575.3871318503
0.241341341341341 21910.609376918
0.242442442442442 21291.8568282658
0.243543543543544 20716.5034927349
0.244644644644645 20182.1211885135
0.245745745745746 19686.4715835122
0.246846846846847 19227.497604918
0.247947947947948 18803.3145774128
0.249049049049049 18412.2013642602
0.25015015015015 18052.5917177014
0.251251251251251 17723.0659906657
0.252352352352352 17422.3433187193
0.253453453453453 17149.2743475901
0.254554554554555 16902.8345559032
0.255655655655656 16682.1182033693
0.256756756756757 16486.332920397
0.257857857857858 16314.7949449083
0.258958958958959 16166.9250050274
0.26006006006006 16042.2448416424
0.261161161161161 15940.3743619081
0.262262262262262 15861.0294130936
0.263363363363363 15804.0201652752
0.264464464464464 15769.2500908734
0.265565565565566 15756.7155285599
0.266666666666667 15766.5058182188
0.267767767767768 15798.8039921318
0.268868868868869 15853.8880049347
0.26996996996997 15932.1324807376
0.271071071071071 16034.0109496435
0.272172172172172 16160.0985371479
0.273273273273273 16311.0750579259
0.274374374374374 16487.7284495474
0.275475475475475 16690.9584609221
0.276576576576577 16921.7804837201
0.277677677677678 17181.3293818662
0.278778778778779 17470.8631331727
0.27987987987988 17791.7660475812
0.280980980980981 18145.5512672696
0.282082082082082 18533.8621846314
0.283183183183183 18958.4723346733
0.284284284284284 19421.2832293095
0.285385385385385 19924.319503805
0.286486486486487 20469.7206430758
0.287587587587588 21059.7284518571
0.288688688688689 21696.6693343603
0.28978978978979 22382.9303640533
0.290890890890891 23120.9280637647
0.291991991991992 23913.0687933468
0.293093093093093 24761.6996722823
0.294194194194194 25669.0490649731
0.295295295295295 26637.1558449588
0.296396396396396 27667.7869484718
0.297497497497498 28762.3431425641
0.298598598598599 29921.7534789127
0.2996996996997 31146.3595845512
0.300800800800801 32435.7917481455
0.301901901901902 33788.8396753867
0.303003003003003 35203.321775013
0.304104104104104 36675.9578467793
0.305205205205205 38202.2510074619
0.306306306306306 39776.3855286412
0.307407407407407 41391.1478788436
0.308508508508509 43037.8785651762
0.30960960960961 44706.4622635707
0.310710710710711 46385.3631318242
0.311811811811812 48061.7110610127
0.312912912912913 49721.4429175763
0.314014014014014 51349.5005837671
0.315115115115115 52930.0848910787
0.316216216216216 54446.9614848193
0.317317317317317 55883.8114310995
0.318418418418418 57224.6161933889
0.31951951951952 58454.0637017613
0.320620620620621 59557.9598577702
0.321721721721722 60523.628187938
0.322822822822823 61340.2796666094
0.323923923923924 61999.3351005499
0.325025025025025 62494.6839518161
0.326126126126126 62822.8660336502
0.327227227227227 62983.1660180705
0.328328328328328 62977.6149341391
0.329429429429429 62810.897537217
0.330530530530531 62490.1692741488
0.331631631631632 62024.7912246954
0.332732732732733 61425.9955477899
0.333833833833834 60706.497326162
0.334934934934935 59880.0710739535
0.336036036036036 58961.111418648
0.337137137137137 57964.1975495051
0.338238238238238 56903.6799845978
0.339339339339339 55793.3061706438
0.34044044044044 54645.8985790896
0.341541541541542 53473.0955261647
0.342642642642643 52285.1611729508
0.343743743743744 51090.8673032807
0.344844844844845 49897.4457655725
0.345945945945946 48710.6071000691
0.347047047047047 47534.6180160212
0.348148148148148 46372.4281485456
0.349249249249249 45225.8349791497
0.35035035035035 44095.6749702234
0.351451451451452 42982.0288235758
0.352552552552553 41884.4292735392
0.353653653653654 40802.0608846371
0.354754754754755 39733.9428390709
0.355855855855856 38679.0875515894
0.356956956956957 37636.6300118613
0.358058058058058 36605.9248979045
0.359159159159159 35586.6106041103
0.36026026026026 34578.6412693744
0.361361361361361 33582.2895775212
0.362462462462462 32598.1244564169
0.363563563563564 31626.9687724375
0.364664664664665 30669.8426782264
0.365765765765766 29727.8984266413
0.366866866866867 28802.352240817
0.367967967967968 27894.4182801695
0.369069069069069 27005.2489336684
0.37017017017017 26135.8846845715
0.371271271271271 25287.2157104664
0.372372372372372 24459.9562921539
0.373473473473473 23654.6320806076
0.374574574574575 22871.5793763523
0.375675675675676 22110.9548572336
0.376776776776777 21372.7536779234
0.377877877877878 20656.8335682967
0.378978978978979 19962.9424715624
0.38008008008008 19290.7473652021
0.381181181181181 18639.8621657441
0.382282282282282 18009.8729916075
0.383383383383383 17400.3595029594
0.384484484484484 16810.9115102784
0.385585585585586 16241.1405046046
0.386686686686687 15690.6861791104
0.387787787787788 15159.2183589652
0.388888888888889 14646.4350186939
0.38998998998999 14152.0572368471
0.391091091091091 13675.8220184587
0.392192192192192 13217.4739150341
0.393293293293293 12776.7563033576
0.394394394394394 12353.4030649665
0.395495495495496 11947.1312556606
0.396596596596597 11557.6351862999
0.397697697697698 11184.5821679472
0.398798798798799 10827.6100186613
0.3998998998999 10486.3262952857
0.401001001001001 10160.3091070271
0.402102102102102 9849.10929093652
0.403203203203203 9552.25368210024
0.404304304304304 9269.24919086513
0.405405405405405 8999.58740152741
0.406506506506507 8742.74942673869
0.407607607607608 8498.21078414417
0.408708708708709 8265.44610157198
0.40980980980981 8043.93350007777
0.410910910910911 7833.15854674174
0.412012012012012 7632.61770868309
0.413113113113113 7441.82127449898
0.414214214214214 7260.29573824336
0.415315315315315 7087.58566380465
0.416416416416416 6923.25506428531
0.417517517517518 6766.88834225547
0.418618618618619 6618.09084327825
0.41971971971972 6476.48907775952
0.420820820820821 6341.73066580382
0.421921921921922 6213.48405716096
0.423023023023023 6091.43807427873
0.424124124124124 5975.30132147923
0.425225225225225 5864.80149791523
0.426326326326326 5759.68464649588
0.427427427427427 5659.71436578455
0.428528528528529 5564.67100702403
0.42962962962963 5474.35087412735
0.430730730730731 5388.56544067467
0.431831831831832 5307.14059472093
0.432932932932933 5229.91591949158
0.434034034034034 5156.74401582442
0.435135135135135 5087.48987040886
0.436236236236236 5022.03027246571
0.437337337337337 4960.25328041957
0.438438438438439 4902.05773930981
0.43953953953954 4847.35284909713
0.440640640640641 4796.05778364509
0.441741741741742 4748.10135990434
0.442842842842843 4703.42175671551
0.443943943943944 4661.96628262803
0.445045045045045 4623.69119219031
0.446146146146146 4588.5615502727
0.447247247247247 4556.55114415055
0.448348348348348 4527.64244325661
0.44944944944945 4501.82660672987
0.450550550550551 4479.103539093
0.451651651651652 4459.48199463113
0.452752752752753 4442.97973125077
0.453853853853854 4429.62371479391
0.454954954954955 4419.45037496251
0.456056056056056 4412.5059141288
0.457157157157157 4408.84667037902
0.458258258258258 4408.53953612525
0.459359359359359 4411.66243350313
0.460460460460461 4418.30484751319
0.461561561561562 4428.56841742895
0.462662662662663 4442.56758633287
0.463763763763764 4460.43030768944
0.464864864864865 4482.29880656802
0.465965965965966 4508.33039140202
0.467067067067067 4538.69830990882
0.468168168168168 4573.59263994599
0.469269269269269 4613.22120248651
0.47037037037037 4657.81047948293
0.471471471471472 4707.60651407846
0.472572572572573 4762.8757642789
0.473673673673674 4823.90587381724
0.474774774774775 4891.00631550674
0.475875875875876 4964.5088529258
0.476976976976977 5044.76775599678
0.478078078078078 5132.15969514035
0.479179179179179 5227.08322762668
0.48028028028028 5329.95777905805
0.481381381381381 5441.22201329919
0.482482482482483 5561.33147654493
0.483583583583584 5690.75539658208
0.484684684684685 5829.97251780592
0.485785785785786 5979.4658573984
0.486886886886887 6139.7162793732
0.487987987987988 6311.19480194711
0.489089089089089 6494.35358058246
0.49019019019019 6689.61554434181
0.491291291291291 6897.36270659915
0.492392392392392 7117.92322171934
0.493493493493494 7351.55731541537
0.494594594594595 7598.44227574113
0.495695695695696 7858.65675121901
0.496796796796797 8132.16465908131
0.497897897897898 8418.79905667577
0.498998998998999 8718.2463696192
0.5001001001001 9030.03139877778
0.501201201201201 9353.50354317574
0.502302302302302 9687.82467725969
0.503403403403404 10031.9591097721
0.504504504504505 10384.6660303489
0.505605605605606 10744.4948222765
0.506706706706707 11109.7835896408
0.507807807807808 11478.6612178529
0.508908908908909 11849.0532608624
0.51001001001001 12218.6919266326
0.511111111111111 12585.1304127104
0.512212212212212 12945.7618209773
0.513313313313313 13297.8428474195
0.514414414414414 13638.5223893684
0.515515515515516 13964.875129005
0.516616616616617 14273.9400287065
0.517717717717718 14562.763504678
0.518818818818819 14828.4468288231
0.51991991991992 15068.1970496685
0.521021021021021 15279.3804334784
0.522122122122122 15459.5771257134
0.523223223223223 15606.6354461122
0.524324324324324 15718.7239872747
0.525425425425425 15794.3795173047
0.526526526526527 15832.5486196359
0.527627627627628 15832.6210596232
0.528728728728729 15794.4530600422
0.52982982982983 15718.3789970335
0.530930930930931 15605.2104817004
0.532032032032032 15456.2223455569
0.533133133133133 15273.1256644131
0.534234234234234 15058.0285917321
0.535335335335335 14813.3863821024
0.536436436436436 14541.9425226885
0.537537537537538 14246.6633154234
0.538638638638639 13930.6685350493
0.53973973973974 13597.1609099141
0.540840840840841 13249.357129434
0.541941941941942 12890.4228836002
0.543043043043043 12523.4141071111
0.544144144144144 12151.2261642211
0.545245245245245 11776.5522066895
0.546346346346346 11401.8514050971
0.547447447447448 11029.3272305561
0.548548548548549 10660.9154825832
0.54964964964965 10298.281345952
0.550750750750751 9942.82443306456
0.551851851851852 9595.69053862242
0.552952952952953 9257.78870195014
0.554054054054054 8929.81213397395
0.555155155155155 8612.26160957958
0.556256256256256 8305.47003726455
0.557357357357357 8009.62707951233
0.558458458458459 7724.80289171087
0.55955955955956 7450.97025779598
0.560660660660661 7188.02461213807
0.561761761761762 6935.801636913
0.562862862862863 6694.09230267239
0.563963963963964 6462.6553704281
0.565065065065065 6241.2274926026
0.566166166166166 6029.5311366373
0.567267267267267 5827.28061013153
0.568368368368368 5634.18649313254
0.56946946946947 5449.95878586826
0.570570570570571 5274.30906389994
0.571671671671672 5106.95190262838
0.572772772772773 4947.60579452688
0.573873873873874 4795.99374004133
0.574974974974975 4651.84365070898
0.576076076076076 4514.8886637745
0.577177177177177 4384.86743344489
0.578278278278278 4261.52443615622
0.579379379379379 4144.61030614318
0.580480480480481 4033.88220293237
0.581581581581582 3929.10420335027
0.582682682682683 3830.04770620083
0.583783783783784 3736.49183675032
0.584884884884885 3648.2238394276
0.585985985985986 3565.0394496938
0.587087087087087 3486.74323905148
0.588188188188188 3413.14893007586
0.589289289289289 3344.0796807696
0.59039039039039 3279.36833933483
0.591491491491492 3218.8576715555
0.592592592592593 3162.40056350127
0.593693693693694 3109.86020229738
0.594794794794795 3061.11023742442
0.595895895895896 3016.03492453212
0.596996996996997 2974.52925315939
0.598098098098098 2936.49905913151
0.599199199199199 2901.86112174055
0.6003003003003 2870.54324509238
0.601401401401402 2842.48432219775
0.602502502502503 2817.63437938848
0.603603603603604 2795.95459743511
0.604704704704705 2777.41730423482
0.605805805805806 2762.00593208615
0.606906906906907 2749.71493036428
0.608008008008008 2740.54962182508
0.609109109109109 2734.52598786954
0.61021021021021 2731.6703649438
0.611311311311311 2732.0190309615
0.612412412412413 2735.61765740418
0.613513513513514 2742.52059978469
0.614614614614615 2752.78999675471
0.615715715715716 2766.49464664966
0.616816816816817 2783.70863006436
0.617917917917918 2804.50964860591
0.619019019019019 2828.97705369882
0.62012012012012 2857.1895456621
0.621221221221221 2889.22253262009
0.622322322322322 2925.14515137558
0.623423423423423 2965.01696830284
0.624524524524525 3008.88439741616
0.625625625625626 3056.77689465018
0.626726726726727 3108.70301126171
0.627827827827828 3164.64641401651
0.628928928928929 3224.56200398246
0.63003003003003 3288.37228749998
0.631131131131131 3355.964170229
0.632232232232232 3427.18635592768
0.633333333333333 3501.84753372747
0.634434434434434 3579.71552933232
0.635535535535536 3660.5175754419
0.636636636636637 3743.94182417331
0.637737737737738 3829.6401795856
0.638838838838839 3917.2324728624
0.63993993993994 4006.31193864822
0.641041041041041 4096.45188177735
0.642142142142142 4187.21335340054
0.643243243243243 4278.15358903457
0.644344344344344 4368.83490328985
0.645445445445445 4458.83369165711
0.646546546546547 4547.74916278854
0.647647647647648 4635.2114180282
0.648748748748749 4720.88851004239
0.64984984984985 4804.49214901009
0.650950950950951 4885.78178109702
0.652052052052052 4964.56683646059
0.653153153153153 5040.70702815093
0.654254254254254 5114.11067363849
0.655355355355355 5184.73110165658
0.656456456456457 5252.56129329787
0.657557557557558 5317.62698329702
0.658658658658659 5379.97851172576
0.65975975975976 5439.68176581278
0.660860860860861 5496.80858540242
0.661961961961962 5551.42702391269
0.663063063063063 5603.59186055103
0.664164164164164 5653.33575034122
0.665265265265265 5700.66137758044
0.666366366366366 5745.53494677124
0.667467467467468 5787.88130343238
0.668568568568569 5827.58092574868
0.66966966966967 5864.46896668815
0.670770770770771 5898.3364550614
0.671871871871872 5928.93368355528
0.672972972972973 5955.97572339567
0.674074074074074 5979.14991153468
0.675175175175175 5998.12506083025
0.676276276276276 6012.56205163657
0.677377377377377 6022.12538034009
0.678478478478479 6026.49517297051
0.67957957957958 6025.37912615729
0.680680680680681 6018.52381862564
0.681781781781782 6005.72484781319
0.682882882882883 5986.83528979739
0.683983983983984 5961.77205584062
0.685085085085085 5930.51982234682
0.686186186186186 5893.13233738383
0.687287287287287 5849.7310485773
0.688388388388388 5800.50114513808
0.68948948948949 5745.68525120405
0.690590590590591 5685.57513870144
0.691691691691692 5620.50193644359
0.692792792792793 5550.82539051005
0.693893893893894 5476.92277352662
0.694994994994995 5399.17804423956
0.696096096096096 5317.97182354487
0.697197197197197 5233.67268156286
0.698298298298298 5146.63012777026
0.699399399399399 5057.16957034639
0.700500500500501 4965.58937111169
0.701601601601602 4872.15997918236
0.702702702702703 4777.12499023717
0.703803803803804 4680.7038589356
0.704904904904905 4583.09589786481
0.706006006006006 4484.485133465
0.707107107107107 4385.04556114342
0.708208208208208 4284.94634866258
0.709309309309309 4184.35657650955
0.710410410410411 4083.4491712858
0.711511511511512 3982.40377621715
0.712612612612613 3881.40840333731
0.713713713713714 3780.65981591645
0.714814814814815 3680.36268881352
0.715915915915916 3580.72768120902
0.717017017017017 3481.96862486382
0.718118118118118 3384.29907794125
0.719219219219219 3287.92851800154
0.72032032032032 3193.05844861757
0.721421421421422 3099.87867461571
0.722522522522523 3008.5639650449
0.723623623623624 2919.27127538252
0.724724724724725 2832.13764630378
0.725825825825826 2747.27884054736
0.726926926926927 2664.78872643535
0.728028028028028 2584.73936999685
0.729129129129129 2507.18175995532
0.73023023023023 2432.14706247963
0.731331331331331 2359.64828601581
0.732432432432433 2289.6822301793
0.733533533533534 2222.23159546267
0.734634634634635 2157.26714068854
0.735735735735736 2094.74979081992
0.736836836836837 2034.63261690442
0.737937937937938 1976.86263069608
0.739039039039039 1921.38235717474
0.74014014014014 1868.1311674121
0.741241241241241 1817.04637096757
0.742342342342342 1768.06408058609
0.743443443443443 1721.11987207349
0.744544544544545 1676.14926881573
0.745645645645646 1633.08808371197
0.746746746746747 1591.87265171244
0.747847847847848 1552.43998423815
0.748948948948949 1514.72787310473
0.75005005005005 1478.67496680691
0.751151151151151 1444.22083671434
0.752252252252252 1411.30604539688
0.753353353353353 1379.87222434991
0.754454454454455 1349.86216412496
0.755555555555556 1321.21991647405
0.756656656656657 1293.89090566258
0.757757757757758 1267.82204458778
0.758858858858859 1242.96185065706
0.75995995995996 1219.26055640665
0.761061061061061 1196.67021039678
0.762162162162162 1175.14476483896
0.763263263263263 1154.64014751914
0.764364364364365 1135.11431673673
0.765465465465466 1116.52729906753
0.766566566566567 1098.84121069996
0.767667667667668 1082.02026383062
0.768768768768769 1066.03076012936
0.76986986986987 1050.84107359349
0.770970970970971 1036.42162522714
0.772072072072072 1022.7448519463
0.773173173173173 1009.78517195334
0.774274274274274 997.518948590826
0.775375375375375 985.924454410604
0.776476476476477 974.981836905104
0.777577577577578 964.673087072451
0.778678678678679 954.982011738264
0.77977977977978 945.894210341664
0.780880880880881 937.397056720617
0.781981981981982 929.479686292529
0.783083083083083 922.132988921455
0.784184184184184 915.349607683446
0.785285285285285 909.123943675535
0.786386386386386 903.452166959506
0.787487487487488 898.332233669043
0.788588588588589 893.763909239009
0.78968968968969 889.748797621656
0.790790790790791 886.290376231425
0.791891891891892 883.394036195974
0.792992992992993 881.06712727908
0.794094094094094 879.319006570016
0.795195195195195 878.161089695356
0.796296296296296 877.606902895077
0.797397397397397 877.672133806038
0.798498498498499 878.374678209862
0.7995995995996 879.734679321891
0.800700700700701 881.774555433292
0.801801801801802 884.519010870119
0.802902902902903 887.995024328213
0.804004004004004 892.231807703331
0.805105105105105 897.260727609901
0.806206206206206 903.115180922511
0.807307307307307 909.830414958221
0.808408408408408 917.44328242929
0.80950950950951 925.991921141343
0.810610610610611 935.51534869736
0.811711711711712 946.052963309511
0.812812812812813 957.643943322135
0.813913913913914 970.326540300485
0.815015015015015 984.137263591933
0.816116116116116 999.109958130744
0.817217217217217 1015.27478187898
0.818318318318318 1032.65709454716
0.81941941941942 1051.27627491651
0.820520520520521 1071.14448990121
0.821621621621622 1092.26544408796
0.822722722722723 1114.63314346436
0.823823823823824 1138.23071096195
0.824924924924925 1163.029293879
0.826026026026026 1188.98710385439
0.827127127127127 1216.04862858286
0.828228228228228 1244.14405079259
0.829329329329329 1273.18890422178
0.830430430430431 1303.08398870854
0.831531531531532 1333.71555751313
0.832632632632633 1364.95578025366
0.833733733733734 1396.6634750961
0.834834834834835 1428.68509487646
0.835935935935936 1460.85594437159
0.837037037037037 1493.001600569
0.838138138138138 1524.93950487907
0.839239239239239 1556.48069587674
0.84034034034034 1587.43165313308
0.841441441441442 1617.59622648167
0.842542542542543 1646.77762990054
0.843643643643644 1674.78048415116
0.844744744744745 1701.41289644405
0.845845845845846 1726.48856781589
0.846946946946947 1749.82891894429
0.848048048048048 1771.26522244341
0.849149149149149 1790.64072431058
0.85025025025025 1807.81272955709
0.851351351351351 1822.65461795839
0.852452452452452 1835.05774636904
0.853553553553554 1844.9331854091
0.854654654654655 1852.21323178917
0.855755755755756 1856.85263422501
0.856856856856857 1858.82947164644
0.857957957957958 1858.14562772367
0.859059059059059 1854.82681567065
0.86016016016016 1848.92212147794
0.861261261261261 1840.50305140199
0.862362362362362 1829.66208962419
0.863463463463464 1816.51079318907
0.864564564564565 1801.17747225717
0.865665665665666 1783.80452300174
0.866766766766767 1764.54549689728
0.867867867867868 1743.5620026681
0.868968968968969 1721.0205450171
0.87007007007007 1697.08940697142
0.871171171171171 1671.93568010242
0.872272272272272 1645.72253914338
0.873373373373374 1618.6068450642
0.874474474474475 1590.73714415102
0.875575575575576 1562.25211098189
0.876676676676677 1533.27946146607
0.877777777777778 1503.93533953347
0.878878878878879 1474.32415888731
0.87997997997998 1444.53886073048
0.881081081081081 1414.66153071934
0.882182182182182 1384.76430458915
0.883283283283283 1354.91048269989
0.884384384384384 1325.15576961725
0.885485485485486 1295.54955587484
0.886586586586587 1266.13616499789
0.887687687687688 1236.95599909155
0.888788788788789 1208.04652990111
0.88988988988989 1179.44309810743
0.890990990990991 1151.17950047541
0.892092092092092 1123.28836106638
0.893193193193193 1095.80129788585
0.894294294294294 1068.74890908952
0.895395395395395 1042.16061249876
0.896496496496497 1016.06437827167
0.897597597597598 990.4863970502
0.898698698698699 965.450724964728
0.8997997997998 940.978942988939
0.900900900900901 917.089861950573
0.902002002002002 893.799296780145
0.903103103103103 871.119925116151
0.904204204204204 849.061236939281
0.905305305305305 827.629574136464
0.906406406406406 806.828252313467
0.907507507507508 786.657752130913
0.908608608608609 767.115964103052
0.90970970970971 748.198469185078
0.910810810810811 729.898837446981
0.911911911911912 712.208928453092
0.913013013013013 695.119179319426
0.914114114114114 678.618869460343
0.915215215215215 662.696354410139
0.916316316316316 647.339264493532
0.917417417417418 632.534667251776
0.918518518518519 618.269195200701
0.91961961961962 604.52914257191
0.920720720720721 591.300536101918
0.921821821821822 578.569185691645
0.922922922922923 566.32072091222
0.924024024024024 554.540618980281
0.925125125125125 543.214229087224
0.926226226226226 532.326796972981
0.927327327327327 521.863492516867
0.928428428428428 511.809441990507
0.92952952952953 502.149765578223
0.930630630630631 492.869619887346
0.931731731731732 483.954244490028
0.932832832832833 475.389011075987
0.933933933933934 467.159473549275
0.935035035035035 459.251417348671
0.936136136136136 451.650906377935
0.937237237237237 444.344326156321
0.938338338338338 437.318422101118
0.93943943943944 430.56033219005
0.940540540540541 424.057613589502
0.941641641641642 417.798263145703
0.942742742742743 411.770731902397
0.943843843843844 405.963934018865
0.944944944944945 400.367250611403
0.946046046046046 394.970529133876
0.947147147147147 389.764078952964
0.948248248248248 384.738663771333
0.949349349349349 379.885491518047
0.950450450450451 375.196202268667
0.951551551551552 370.662854688969
0.952652652652653 366.277911423053
0.953753753753754 362.034223774652
0.954854854854855 357.925015964595
0.955955955955956 353.943869189616
0.957057057057057 350.084705659576
0.958158158158158 346.341772750751
0.959259259259259 342.709627382427
0.96036036036036 339.183120700525
0.961461461461461 335.75738313358
0.962562562562563 332.427809873618
0.963663663663664 329.190046822668
0.964764764764765 326.039977037606
0.965865865865866 322.973707697995
0.966966966966967 319.987557614913
0.968068068068068 317.078045292178
0.969169169169169 314.241877545481
0.97027027027027 311.475938679307
0.971371371371372 308.777280216374
0.972472472472473 306.143111170076
0.973573573573574 303.57078884608
0.974674674674675 301.057810156955
0.975775775775776 298.601803430415
0.976876876876877 296.200520690987
0.977977977977978 293.851830393253
0.979079079079079 291.553710584715
0.98018018018018 289.304242476216
0.981281281281281 287.101604398183
0.982382382382382 284.944066121461
0.983483483483484 282.829983522508
0.984584584584585 280.757793573351
0.985685685685686 278.726009637581
0.986786786786787 276.733217054943
0.987887887887888 274.778068997423
0.988988988988989 272.859282581117
0.99009009009009 270.975635218563
0.991191191191191 269.125961197319
0.992292292292292 267.30914847107
0.993393393393393 265.524135650334
0.994494494494495 263.769909180581
0.995595595595596 262.045500695957
0.996696696696697 260.349984537801
0.997797797797798 258.682475427317
0.998898898898899 257.042126282741
1 255.428126171444
