-0.1 717.351668730593
-0.0988988988988989 721.98673332404
-0.0977977977977978 726.669326148757
-0.0966966966966967 731.400121551365
-0.0955955955955956 736.179806139374
-0.0944944944944945 741.009079053318
-0.0933933933933934 745.888652245979
-0.0922922922922923 750.819250769091
-0.0911911911911912 755.801613067557
-0.0900900900900901 760.836491281359
-0.088988988988989 765.92465155579
-0.0878878878878879 771.066874359606
-0.0867867867867868 776.263954812133
-0.0856856856856857 781.516703018752
-0.0845845845845846 786.825944415912
-0.0834834834834835 792.192520125251
-0.0823823823823824 797.61728731719
-0.0812812812812813 803.10111958502
-0.0801801801801802 808.644907328816
-0.0790790790790791 814.249558150192
-0.077977977977978 819.915997257883
-0.0768768768768769 825.645167884555
-0.0757757757757758 831.438031715661
-0.0746746746746747 837.295569329808
-0.0735735735735736 843.218780651853
-0.0724724724724725 849.208685418788
-0.0713713713713714 855.266323658877
-0.0702702702702703 861.39275618432
-0.0691691691691692 867.589065098286
-0.0680680680680681 873.856354316388
-0.066966966966967 880.195750103315
-0.0658658658658659 886.608401624878
-0.0647647647647648 893.095481516365
-0.0636636636636637 899.658186467754
-0.0625625625625626 906.297737825333
-0.0614614614614615 913.015382211907
-0.0603603603603604 919.81239216532
-0.0592592592592593 926.690066795542
-0.0581581581581582 933.649732461813
-0.0570570570570571 940.692743470082
-0.055955955955956 947.820482791492
-0.0548548548548549 955.034362802692
-0.0537537537537538 962.335826048612
-0.0526526526526527 969.726346028796
-0.0515515515515516 977.207428007594
-0.0504504504504505 984.780609849969
-0.0493493493493493 992.447462882493
-0.0482482482482482 1000.20959278166
-0.0471471471471471 1008.06864049018
-0.046046046046046 1016.02628316162
-0.0449449449449449 1024.08423513523
-0.0438438438438438 1032.24424894164
-0.0427427427427427 1040.50811634088
-0.0416416416416416 1048.87766939314
-0.0405405405405405 1057.35478156481
-0.0394394394394394 1065.94136886945
-0.0383383383383383 1074.6393910465
-0.0372372372372372 1083.45085277853
-0.0361361361361361 1092.37780494781
-0.035035035035035 1101.42234593529
-0.0339339339339339 1110.5866229616
-0.0328328328328328 1119.87283347367
-0.0317317317317317 1129.28322657743
-0.0306306306306306 1138.8201045183
-0.0295295295295295 1148.48582421246
-0.0284284284284284 1158.28279882965
-0.0273273273273273 1168.2134994302
-0.0262262262262262 1178.28045665839
-0.0251251251251251 1188.48626249385
-0.024024024024024 1198.83357206402
-0.0229229229229229 1209.3251055196
-0.0218218218218218 1219.96364997592
-0.0207207207207207 1230.75206152226
-0.0196196196196196 1241.69326730259
-0.0185185185185185 1252.79026767041
-0.0174174174174174 1264.04613842006
-0.0163163163163163 1275.46403309901
-0.0152152152152152 1287.04718540313
-0.0141141141141141 1298.79891165932
-0.013013013013013 1310.72261339837
-0.0119119119119119 1322.82178002287
-0.0108108108108108 1335.09999157292
-0.0097097097097097 1347.5609215952
-0.00860860860860861 1360.20834011821
-0.0075075075075075 1373.04611674008
-0.00640640640640641 1386.07822383184
-0.00530530530530531 1399.30873986321
-0.0042042042042042 1412.74185285426
-0.00310310310310311 1426.38186396011
-0.002002002002002 1440.23319119346
-0.000900900900900906 1454.30037329165
0.000200200200200201 1468.58807373424
0.00130130130130131 1483.10108491878
0.0024024024024024 1497.84433250052
0.00350350350350351 1512.82287990454
0.0046046046046046 1528.04193301806
0.00570570570570571 1543.50684507081
0.00680680680680681 1559.22312171233
0.00790790790790791 1575.19642629553
0.00900900900900901 1591.43258537582
0.0101101101101101 1607.93759443622
0.0112112112112112 1624.71762384887
0.0123123123123123 1641.77902508461
0.0134134134134134 1659.12833718174
0.0145145145145145 1676.77229348715
0.0156156156156156 1694.7178286829
0.0167167167167167 1712.97208611146
0.0178178178178178 1731.54242541539
0.0189189189189189 1750.43643050587
0.02002002002002 1769.66191787681
0.0211211211211211 1789.22694528212
0.0222222222222222 1809.13982079373
0.0233233233233233 1829.40911225999
0.0244244244244244 1850.04365718486
0.0255255255255255 1871.05257304884
0.0266266266266266 1892.44526809529
0.0277277277277277 1914.23145260505
0.0288288288288288 1936.42115068652
0.0299299299299299 1959.02471260587
0.031031031031031 1982.05282768813
0.0321321321321321 2005.51653781859
0.0332332332332332 2029.42725157562
0.0343343343343343 2053.79675903136
0.0354354354354355 2078.6372472533
0.0365365365365365 2103.96131654842
0.0376376376376376 2129.78199748688
0.0387387387387387 2156.1127687526
0.0398398398398399 2182.96757586219
0.0409409409409409 2210.36085080462
0.042042042042042 2238.30753265221
0.0431431431431432 2266.82308919726
0.0442442442442443 2295.92353967363
0.0453453453453453 2325.62547862675
0.0464464464464464 2355.94610099691
0.0475475475475476 2386.90322848759
0.0486486486486487 2418.51533729479
0.0497497497497497 2450.80158727669
0.0508508508508509 2483.78185265064
0.051951951951952 2517.47675430944
0.0530530530530531 2551.90769385284
0.0541541541541542 2587.09688944178
0.0552552552552553 2623.06741358502
0.0563563563563564 2659.84323297755
0.0574574574574575 2697.44925052132
0.0585585585585586 2735.91134966163
0.0596596596596597 2775.25644118708
0.0607607607607608 2815.51251265173
0.0618618618618619 2856.70868058443
0.062962962962963 2898.87524566776
0.0640640640640641 2942.04375107993
0.0651651651651652 2986.2470442061
0.0662662662662663 3031.51934194291
0.0673673673673674 3077.89629983621
0.0684684684684685 3125.41508530694
0.0695695695695696 3174.11445524628
0.0706706706706707 3224.03483827364
0.0717717717717718 3275.21842198055
0.0728728728728729 3327.70924550659
0.073973973973974 3381.55329781718
0.0750750750750751 3436.79862208738
0.0761761761761762 3493.49542662388
0.0772772772772773 3551.69620279239
0.0783783783783784 3611.45585045674
0.0794794794794795 3672.83181147494
0.0805805805805806 3735.88421184269
0.0816816816816817 3800.67601312401
0.0827827827827828 3867.27317385942
0.0838838838838839 3935.74482170065
0.084984984984985 4006.16343708591
0.0860860860860861 4078.60504933332
0.0871871871871872 4153.14944611039
0.0882882882882883 4229.88039731397
0.0893893893893894 4308.88589449079
0.0904904904904905 4390.25840702029
0.0915915915915916 4474.09515639332
0.0926926926926927 4560.4984100334
0.0937937937937938 4649.57579624375
0.0948948948948949 4741.44064199191
0.095995995995996 4836.21233541025
0.0970970970970971 4934.01671505124
0.0981981981981982 5034.98648813191
0.0992992992992993 5139.26168019234
0.1004004004004 5246.99011883229
0.101501501501502 5358.32795442263
0.102602602602603 5473.44022096931
0.103703703703704 5592.5014405948
0.104804804804805 5715.69627543252
0.105905905905906 5843.22023108772
0.107007007007007 5975.280416207
0.108108108108108 6112.09636312732
0.109209209209209 6253.90091505556
0.11031031031031 6400.94118573175
0.111411411411411 6553.47959810725
0.112512512512513 6711.79500917453
0.113613613613614 6876.18392876988
0.114714714714715 7046.96184088827
0.115815815815816 7224.46463685726
0.116916916916917 7409.05017057106
0.118018018018018 7601.09994691435
0.119119119119119 7801.02095549644
0.12022022022022 8009.2476628871
0.121321321321321 8226.24417765763
0.122422422422422 8452.50660370908
0.123523523523524 8688.56559859731
0.124624624624625 8934.98915478304
0.125725725725726 9192.38562299114
0.126826826826827 9461.4069980279
0.127927927927928 9742.75248850962
0.129029029029029 10037.1723928481
0.13013013013013 10345.4723044888
0.131231231231231 10668.5176696256
0.132332332332332 11007.2387202836
0.133433433433433 11362.6358045174
0.134534534534535 11735.7851332952
0.135635635635636 12127.8449599914
0.136736736736737 12540.0622029043
0.137837837837838 12973.7795133067
0.138938938938939 13430.442780453
0.14004004004004 13911.609049982
0.141141141141141 14418.9548121947
0.142242242242242 14954.2845905818
0.143343343343343 15519.5397273841
0.144444444444444 16116.8072202959
0.145545545545546 16748.3284109697
0.146646646646647 17416.5072599525
0.147747747747748 18123.9178622166
0.148848848848849 18873.3107609017
0.14994994994995 19667.6175028359
0.151051051051051 20509.9527472496
0.152152152152152 21403.6130889878
0.153253253253253 22352.0715913353
0.154354354354354 23358.9668449555
0.155455455455455 24428.085184852
0.156556556556557 25563.3345162826
0.157657657657658 26768.7080366356
0.158758758758759 28048.2360113591
0.15985985985986 29405.923690196
0.160960960960961 30845.6734622347
0.162062062062062 32371.1894747401
0.163163163163163 33985.8632142013
0.164264264264264 35692.6390009844
0.165365365365365 37493.8590110243
0.166466466466466 39391.0883313157
0.167567567567568 41384.9216908759
0.168668668668669 43474.7748788412
0.16976976976977 45658.6654368637
0.170870870870871 47932.9889388742
0.171971971971972 50292.2989619346
0.173073073073073 52729.1005922554
0.174174174174174 55233.6688580278
0.175275275275275 57793.9046719442
0.176376376376376 60395.2415279798
0.177477477477477 63020.616159864
0.178578578578579 65650.5154858504
0.17967967967968 68263.1103307865
0.180780780780781 70834.4835874183
0.181881881881882 73338.9566879783
0.182982982982983 75749.5136260766
0.184084084084084 78038.3165128096
0.185185185185185 80177.3010710746
0.186286286286286 82138.8349406751
0.187387387387387 83896.4166001858
0.188488488488489 85425.388535601
0.18958958958959 86703.6353960687
0.190690690690691 87712.2365974489
0.191791791791792 88436.0433795317
0.192892892892893 88864.152769807
0.193993993993994 88990.2551767876
0.195095095095095 88812.8381965617
0.196196196196196 88335.2362919714
0.197297297297297 87565.5238115709
0.198398398398398 86516.2568031851
0.199499499499499 85204.0766771313
0.200600600600601 83649.1954544079
0.201701701701702 81874.7876475971
0.202802802802803 79906.3174411833
0.203903903903904 77770.8315863304
0.205005005005005 75496.2482828601
0.206106106106106 73110.6704178905
0.207207207207207 70641.7481258846
0.208308308308308 68116.1110828504
0.209409409409409 65558.8856601633
0.210510510510511 62993.3064674788
0.211611611611612 60440.4263134897
0.212712712712713 57918.9235561576
0.213813813813814 55445.0014720505
0.214914914914915 53032.3708277093
0.216016016016016 50692.3043736456
0.217117117117117 48433.7505062543
0.218218218218218 46263.4927859913
0.219319319319319 44186.3422386906
0.22042042042042 42205.3502435391
0.221521521521522 40322.0311534529
0.222622622622623 38536.5854302167
0.223723723723724 36848.1158508267
0.224824824824825 35254.8311203055
0.225925925925926 33754.2329051576
0.227027027027027 32343.2838067715
0.228128128128128 31018.555079693
0.229229229229229 29776.3539457711
0.23033033033033 28612.8311616053
0.231431431431431 27524.0700789526
0.232532532532533 26506.1588212222
0.233633633633634 25555.2474148872
0.234734734734735 24667.5917956074
0.235835835835836 23839.5865870267
0.236936936936937 23067.7884547152
0.238038038038038 22348.9316938171
0.239139139139139 21679.9375372322
0.24024024024024 21057.9184877628
0.241341341341341 20480.1787946553
0.242442442442442 19944.212020692
0.243543543543544 19447.6964857414
0.244644644644645 18988.4892294979
0.245745745745746 18564.6190111167
0.246846846846847 18174.2787564269
0.247947947947948 17815.8177735324
0.249049049049049 17487.7339831592
0.25015015015015 17188.6663496315
0.251251251251251 16917.3876496276
0.252352352352352 16672.7976775407
0.253453453453453 16453.9169562413
0.254554554554555 16259.8809991851
0.255655655655656 16089.9351525737
0.256756756756757 15943.430033624
0.257857857857858 15819.8175719856
0.258958958958959 15718.647655138
0.26006006006006 15639.5653744636
0.261161161161161 15582.3088662221
0.262262262262262 15546.7077401574
0.263363363363363 15532.6820877362
0.264464464464464 15540.2420614882
0.265565565565566 15569.4880163921
0.266666666666667 15620.6112033011
0.267767767767768 15693.8950026365
0.268868868868869 15789.7166837592
0.26996996996997 15908.5496708697
0.271071071071071 16050.9662897467
0.272172172172172 16217.6409603558
0.273273273273273 16409.3537876951
0.274374374374374 16626.9944865024
0.275475475475475 16871.5665536689
0.276576576576577 17144.1915744474
0.277677677677678 17446.1135138227
0.278778778778779 17778.7028015669
0.27987987987988 18143.459967677
0.280980980980981 18542.0185229723
0.282082082082082 18976.1467073593
0.283183183183183 19447.7476450823
0.284284284284284 19958.8573532431
0.285385385385385 20511.6399480474
0.286486486486487 21108.3792858425
0.287587587587588 21751.466167281
0.288688688688689 22443.3801295257
0.28978978978979 23186.6647618993
0.290890890890891 23983.8954161917
0.291991991991992 24837.6381576856
0.293093093093093 25750.3988329828
0.294194194194194 26724.5612339666
0.295295295295295 27762.3135324605
0.296396396396396 28865.5624656769
0.297497497497498 30035.8351843069
0.298598598598599 31274.1692440055
0.2996996996997 32580.9919306065
0.300800800800801 33955.990952567
0.301901901901902 35397.9794905039
0.303003003003003 36904.75962711
0.304104104104104 38472.9892381957
0.305205205205205 40098.0584368077
0.306306306306306 41773.9825417608
0.307407407407407 43493.3191931737
0.308508508508509 45247.1175588249
0.30960960960961 47024.9074689213
0.310710710710711 48814.7356992588
0.311811811811812 50603.2554354008
0.312912912912913 52375.8731711303
0.314014014014014 54116.9549468162
0.315115115115115 55810.0909934499
0.316216216216216 57438.414646082
0.317317317317317 58984.9680079585
0.318418418418418 60433.103506311
0.31951951951952 61766.9074321218
0.320620620620621 62971.6290548008
0.321721721721722 64034.0971869116
0.322822822822823 64943.1053412153
0.323923923923924 65689.747006359
0.325025025025025 66267.6841202927
0.326126126126126 66673.3345038322
0.327227227227227 66905.9676966892
0.328328328328328 66967.7030970002
0.329429429429429 66863.4092543003
0.330530530530531 66600.5082719335
0.331631631631632 66188.6941889567
0.332732732732733 65639.578597961
0.333833833833834 64966.2803231066
0.334934934934935 64182.9785066392
0.336036036036036 63304.4497927291
0.337137137137137 62345.6104061018
0.338238238238238 61321.0828427871
0.339339339339339 60244.8047464421
0.34044044044044 59129.6945269595
0.341541541541542 57987.3846254246
0.342642642642643 56828.029301865
0.343743743743744 55660.1896833425
0.344844844844845 54490.7948074672
0.345945945945946 53325.17374758
0.347047047047047 52167.1507864776
0.348148148148148 51019.1931451886
0.349249249249249 49882.5990522239
0.35035035035035 48757.7129903335
0.351451451451452 47644.1547714713
0.352552552552553 46541.0496171154
0.353653653653654 45447.2475780322
0.354754754754755 44361.522306739
0.355855855855856 43282.7412687336
0.356956956956957 42210.0018045206
0.358058058058058 41142.729887264
0.359159159159159 40080.7408171715
0.36026026026026 39024.2633192742
0.361361361361361 37973.9304499082
0.362462462462462 36930.74227549
0.363563563563564 35896.0064007139
0.364664664664665 34871.2630592315
0.365765765765766 33858.2016378994
0.366866866866867 32858.5752171316
0.367967967967968 31874.1190331702
0.369069069069069 30906.4777839447
0.37017017017017 29957.1455036651
0.371271271271271 29027.4204244975
0.372372372372372 28118.3759271809
0.373473473473473 27230.8474483362
0.374574574574575 26365.4341374936
0.375675675675676 25522.5131993197
0.376776776776777 24702.2642519341
0.377877877877878 23904.7006936083
0.378978978978979 23129.7049896797
0.38008008008008 22377.0649426695
0.381181181181181 21646.508350569
0.382282282282282 20937.7339409504
0.383383383383383 20250.4370372914
0.384484484484484 19584.3290143842
0.385585585585586 18939.1501826573
0.386686686686687 18314.6762651232
0.387787787787788 17710.719064644
0.388888888888889 17127.1222436782
0.38998998998999 16563.7533458068
0.391091091091091 16020.493280512
0.392192192192192 15497.2244812343
0.393293293293293 14993.8188493736
0.394394394394394 14510.1264351845
0.395495495495496 14045.965603739
0.396596596596597 13601.1152125103
0.397697697697698 13175.3091067719
0.398798798798799 12768.2330359574
0.3998998998999 12379.5239203058
0.401001001001001 12008.7712596191
0.402102102102102 11655.5203778269
0.403203203203203 11319.2771375076
0.404304304304304 10999.5137340095
0.405405405405405 10695.6751838662
0.406506506506507 10407.1861502011
0.407607607607608 10133.4577919786
0.408708708708709 9873.89437776813
0.40980980980981 9627.89946241677
0.410910910910911 9394.88148208388
0.412012012012012 9174.25867595005
0.413113113113113 8965.46328927991
0.414214214214214 8767.94505108183
0.415315315315315 8581.17394995562
0.416416416416416 8404.6423540675
0.417517517517518 8237.86653627497
0.418618618618619 8080.3876741979
0.41971971971972 7931.77239866758
0.420820820820821 7791.6129635745
0.421921921921922 7659.52710681407
0.423023023023023 7535.15766666194
0.424124124124124 7418.17201140131
0.425225225225225 7308.26133292121
0.426326326326326 7205.13984783582
0.427427427427427 7108.5439428081
0.428528528528529 7018.23129436695
0.42962962962963 6933.97998781221
0.430730730730731 6855.58765475958
0.431831831831832 6782.87064462328
0.432932932932933 6715.66324171902
0.434034034034034 6653.81693673688
0.435135135135135 6597.19975896143
0.436236236236236 6545.69567375802
0.437337337337337 6499.20404843033
0.438438438438439 6457.63918849565
0.43953953953954 6420.92994569902
0.440640640640641 6389.01939860116
0.441741741741742 6361.86460630224
0.442842842842843 6339.43643576753
0.443943943943944 6321.71946324835
0.445045045045045 6308.71195043978
0.446146146146146 6300.42589623186
0.447247247247247 6296.88716520917
0.448348348348348 6298.13569437855
0.44944944944945 6304.22577997795
0.450550550550551 6315.22644659872
0.451651651651652 6331.22190123003
0.452752752752753 6352.31207521868
0.453853853853854 6378.61325745279
0.454954954954955 6410.2588223718
0.456056056056056 6447.40005658917
0.457157157157157 6490.20708799865
0.458258258258258 6538.86992113168
0.459359359359359 6593.59958225007
0.460460460460461 6654.62937704748
0.461561561561562 6722.21626288969
0.462662662662663 6796.64233609553
0.463763763763764 6878.21643274542
0.464864864864865 6967.27583876518
0.465965965965966 7064.18810139685
0.467067067067067 7169.35292945366
0.468168168168168 7283.204163761
0.469269269269269 7406.21179168994
0.47037037037037 7538.8839704871
0.471471471471472 7681.76901296274
0.472572572572573 7835.45727587808
0.473673673673674 8000.58287594321
0.474774774774775 8177.82514066902
0.475875875875876 8367.90968157421
0.476976976976977 8571.60895568616
0.478078078078078 8789.74215847263
0.479179179179179 9023.17426808707
0.48028028028028 9272.81403828615
0.481381381381381 9539.61071700237
0.482482482482483 9824.54925123464
0.483583583583584 10128.6437287195
0.484684684684685 10452.9288051591
0.485785785785786 10798.4488750584
0.486886886886887 11166.2447668018
0.487987987987988 11557.3377805624
0.489089089089089 11972.7109423695
0.49019019019019 12413.2874197938
0.491291291291291 12879.9061336435
0.492392392392392 13373.2947038996
0.493493493493494 13894.0399835055
0.494594594594595 14442.5565558376
0.495695695695696 15019.0536947712
0.496796796796797 15623.5014035824
0.497897897897898 16255.5962536265
0.498998998998999 16914.7278295826
0.5001001001001 17599.9466500955
0.501201201201201 18309.9344680645
0.502302302302302 19042.9778633924
0.503403403403404 19796.9460252812
0.504504504504505 20569.2735863788
0.505605605605606 21356.9493242714
0.506706706706707 22156.511494836
0.507807807807808 22964.0505137747
0.508908908908909 23775.2196615465
0.51001001001001 24585.2544530608
0.511111111111111 25389.0012815064
0.512212212212212 26180.9559040538
0.513313313313313 26955.3122690295
0.514414414414414 27706.0220686176
0.515515515515516 28426.8652160522
0.516616616616617 29111.5311721757
0.517717717717718 29753.7106699538
0.518818818818819 30347.1969048553
0.51991991991992 30885.9946849696
0.521021021021021 31364.4353947228
0.522122122122122 31777.2949624192
0.523223223223223 32119.9113900422
0.524324324324324 32388.2978682107
0.525425425425425 32579.2471257771
0.526526526526527 32690.4225126662
0.527627627627628 32720.4314333788
0.528728728728729 32668.8771632033
0.52982982982983 32536.3857906662
0.530930930930931 32324.6060106346
0.532032032032032 32036.1806885059
0.533133133133133 31674.690449074
0.534234234234234 31244.5709204867
0.535335335335335 30751.006582675
0.536436436436436 30199.8053324815
0.537537537537538 29597.2587984711
0.538638638638639 28949.9940516589
0.53973973973974 28264.8226254601
0.540840840840841 27548.5926699238
0.541941941941942 26808.0496414601
0.543043043043043 26049.7102156918
0.544144144144144 25279.7531733673
0.545245245245245 24503.9299261287
0.546346346346346 23727.4962036171
0.547447447447448 22955.1652963972
0.548548548548549 22191.0822118136
0.54964964964965 21438.817208891
0.550750750750751 20701.3764736724
0.551851851851852 19981.227199258
0.552952952952953 19280.3340496184
0.554054054054054 18600.2039017279
0.555155155155155 17941.9358535794
0.556256256256256 17306.2737245015
0.557357357357357 16693.658622437
0.558458458458459 16104.2795725531
0.55955955955956 15538.1206564052
0.560660660660661 14995.0035681898
0.561761761761762 14474.6249271631
0.562862862862863 13976.588071905
0.563963963963964 13500.4293882892
0.565065065065065 13045.6394805591
0.566166166166166 12611.6796814689
0.567267267267267 12197.9945155782
0.568368368368368 11804.0207860365
0.56946946946947 11429.1939589027
0.570570570570571 11072.9524812706
0.571671671671672 10734.7406018676
0.572772772772773 10414.0101767632
0.573873873873874 10110.2218486326
0.574974974974975 9822.84589434841
0.576076076076076 9551.36294916043
0.577177177177177 9295.26474097412
0.578278278278278 9054.05490776207
0.579379379379379 8827.24992567103
0.580480480480481 8614.3801442312
0.581581581581582 8414.99090641165
0.582682682682683 8228.64372274996
0.583783783783784 8054.91746774326
0.584884884884885 7893.40957054915
0.585985985985986 7743.73717857548
0.587087087087087 7605.53827991426
0.588188188188188 7478.47277751871
0.589289289289289 7362.22351372176
0.59039039039039 7256.49724782334
0.591491491491492 7161.02559194059
0.592592592592593 7075.56591134165
0.593693693693694 6999.90219536102
0.594794794794795 6933.84590400408
0.595895895895896 6877.23679382212
0.596996996996997 6829.94372468417
0.598098098098098 6791.86544685733
0.599199199199199 6762.93136525728
0.6003003003003 6743.10227475944
0.601401401401402 6732.3710569072
0.602502502502503 6730.76332401133
0.603603603603604 6738.3379912943
0.604704704704705 6755.18775119089
0.605805805805806 6781.43941606651
0.606906906906907 6817.25408634437
0.608008008008008 6862.82709039905
0.609109109109109 6918.38763072203
0.61021021021021 6984.19805808283
0.611311311311311 7060.55268222081
0.612412412412413 7147.77601464897
0.613513513513514 7246.22032740311
0.614614614614615 7356.26240214909
0.615715715715716 7478.29933842809
0.616816816816817 7612.74328951392
0.617917917917918 7760.01500127259
0.619019019019019 7920.53604526067
0.62012012012012 8094.71966398695
0.621221221221221 8282.96018523358
0.622322322322322 8485.62101470631
0.623423423423423 8703.02128243271
0.624524524524525 8935.42129765794
0.625625625625626 9183.00705774897
0.626726726726727 9445.87415565627
0.627827827827828 9724.0115331245
0.628928928928929 10017.2856270093
0.63003003003003 10325.4255462641
0.631131131131131 10648.009989031
0.632232232232232 10984.4566538897
0.633333333333333 11334.0149081576
0.634434434434434 11695.7624415994
0.635535535535536 12068.6065505683
0.636636636636637 12451.2905627954
0.637737737737738 12842.4057278662
0.638838838838839 13240.4086681504
0.63993993993994 13643.6442192354
0.641041041041041 14050.3732016822
0.642142142142142 14458.804374458
0.643243243243243 14867.1295444948
0.644344344344344 15273.5605668898
0.645445445445445 15676.3667859183
0.646546546546547 16073.9113547919
0.647647647647648 16464.6848441013
0.648748748748749 16847.3346111034
0.64984984984985 17220.6885536481
0.650950950950951 17583.7721058689
0.652052052052052 17935.8176336688
0.653153153153153 18276.2657372572
0.654254254254254 18604.7583433421
0.655355355355355 18921.1238475059
0.656456456456457 19225.3549258157
0.657557557557558 19517.5799547868
0.658658658658659 19798.0292461442
0.65975975975976 20066.9975084864
0.660860860860861 20324.8040881738
0.661961961961962 20571.7526175994
0.663063063063063 20808.0917142861
0.664164164164164 21033.97833493
0.665265265265265 21249.4453000658
0.666366366366366 21454.3743722458
0.667467467467468 21648.476096073
0.668568568568569 21831.2773932558
0.66966966966967 22002.1176501157
0.670770770770771 22160.1537389734
0.671871871871872 22304.3740810667
0.672972972972973 22433.6214927761
0.674074074074074 22546.6241695149
0.675175175175175 22642.0337682718
0.676276276276276 22718.4691708705
0.677377377377377 22774.5641697459
0.678478478478479 22809.0170420504
0.67957957957958 22820.6397912125
0.680680680680681 22808.4047589261
0.681781781781782 22771.4863601579
0.682882882882883 22709.2958758976
0.683983983983984 22621.5075500454
0.685085085085085 22508.0746650286
0.686186186186186 22369.2347924411
0.687287287287287 22205.5039991779
0.688388388388388 22017.660398933
0.68948948948949 21806.7180332011
0.690590590590591 21573.8926045295
0.691691691691692 21320.5610302003
0.692792792792793 21048.2171055825
0.693893893893894 20758.4257400751
0.694994994994995 20452.7782427209
0.696096096096096 20132.8509883427
0.697197197197197 19800.1694995406
0.698298298298298 19456.1795572504
0.699399399399399 19102.2264342683
0.700500500500501 18739.5427710564
0.701601601601602 18369.2450237695
0.702702702702703 17992.3378541749
0.703803803803804 17609.7253402286
0.704904904904905 17222.2274986555
0.706006006006006 16830.6003518762
0.707107107107107 16435.5576550119
0.708208208208208 16037.792426482
0.709309309309309 15637.9965878877
0.710410410410411 15236.8772952049
0.711511511511512 14835.168904776
0.712612612612613 14433.6399302741
0.713713713713714 14033.0947743643
0.714814814814815 13634.3704264488
0.715915915915916 13238.3286751052
0.717017017017017 12845.844666997
0.718118118118118 12457.7928377754
0.719219219219219 12075.0313384955
0.72032032032032 11698.3860856893
0.721421421421422 11328.6354843553
0.722522522522523 10966.4967265083
0.723623623623624 10612.6143729858
0.724724724724725 10267.5517039503
0.725825825825826 9931.78509436118
0.726926926926927 9605.70145283851
0.728028028028028 9289.59857046666
0.729129129129129 8983.6880706609
0.73023023023023 8688.10053819609
0.731331331331331 8402.89233667744
0.732432432432433 8128.05359712671
0.733533533533534 7863.51687119069
0.734634634634635 7609.16598394098
0.735735735735736 7364.84468537751
0.736836836836837 7130.36477839958
0.737937937937938 6905.5134863501
0.739039039039039 6690.05990832119
0.74014014014014 6483.7604895984
0.741241241241241 6286.36350362729
0.742342342342342 6097.61259796448
0.743443443443443 5917.24949839749
0.744544544544545 5745.01599269999
0.745645645645646 5580.65532918169
0.746746746746747 5423.9131669973
0.747847847847848 5274.53820733279
0.748948948948949 5132.2826195309
0.75005005005005 4996.90235657167
0.751151151151151 4868.1574324077
0.752252252252252 4745.81221165393
0.753353353353353 4629.63574167407
0.754454454454455 4519.40213948579
0.755555555555556 4414.89103187161
0.756656656656657 4315.88803693641
0.757757757757758 4222.18526908076
0.758858858858859 4133.58184654824
0.75995995995996 4049.88438082069
0.761061061061061 3970.9074294497
0.762162162162162 3896.47389773853
0.763263263263263 3826.41537928829
0.764364364364365 3760.57243024404
0.765465465465466 3698.79477660706
0.766566566566567 3640.94145790451
0.767667667667668 3586.88091360377
0.768768768768769 3536.49102087013
0.76986986986987 3489.65909358496
0.770970970970971 3446.28185308142
0.772072072072072 3406.26538094861
0.773173173173173 3369.52506365931
0.774274274274274 3335.98553785852
0.775375375375375 3305.58064406275
0.776476476476477 3278.25339537264
0.777577577577578 3253.95596670279
0.778678678678679 3232.64970904088
0.77977977977978 3214.30519238806
0.780880880880881 3198.9022803358
0.781981981981982 3186.43023866219
0.783083083083083 3176.88787988041
0.784184184184184 3170.28374529623
0.785285285285285 3166.63632578045
0.786386386386386 3165.97432210142
0.787487487487488 3168.33694522728
0.788588588588589 3173.77425644357
0.78968968968969 3182.34754639136
0.790790790790791 3194.12975114106
0.791891891891892 3209.20590212203
0.792992992992993 3227.67360506082
0.794094094094094 3249.6435409683
0.795195195195195 3275.23997959478
0.796296296296296 3304.60129256562
0.797397397397397 3337.88044958169
0.798498498498499 3375.24547654108
0.7995995995996 3416.87984923391
0.800700700700701 3462.9827903687
0.801801801801802 3513.76943119861
0.802902902902903 3569.47079206486
0.804004004004004 3630.33352899207
0.805105105105105 3696.61938638179
0.806206206206206 3768.60428931298
0.807307307307307 3846.57700352086
0.808408408408408 3930.83728748992
0.80950950950951 4021.69346003629
0.810610610610611 4119.45930913469
0.811711711711712 4224.4502744287
0.812812812812813 4336.97884767958
0.813913913913914 4457.34915301383
0.815015015015015 4585.85069265606
0.816116116116116 4722.75127391276
0.817217217217217 4868.28916909862
0.818318318318318 5022.66460085913
0.81941941941942 5186.03068934136
0.820520520520521 5358.48404266582
0.821621621621622 5540.0552153723
0.822722722722723 5730.69929776537
0.823823823823824 5930.28692900905
0.824924924924925 6138.59604516389
0.826026026026026 6355.30467734561
0.827127127127127 6579.98510285196
0.828228228228228 6812.09962264966
0.829329329329329 7050.99819265679
0.830430430430431 7295.9180759285
0.831531531531532 7545.98561182878
0.832632632632633 7800.22012146312
0.833733733733734 8057.53989187223
0.834834834834835 8316.77011083174
0.835935935935936 8576.65256530414
0.837037037037037 8835.85687428792
0.838138138138138 9092.99300395415
0.839239239239239 9346.62481031258
0.84034034034034 9595.28437058397
0.841441441441442 9837.48689500866
0.842542542542543 10071.7460500998
0.843643643643644 10296.5895652139
0.844744744744745 10510.5750292381
0.845845845845846 10712.3058063242
0.846946946946947 10900.447003643
0.848048048048048 11073.7414072359
0.849149149149149 11231.0252642533
0.85025025025025 11371.2437343212
0.851351351351351 11493.4657654173
0.852452452452452 11596.8980786159
0.853553553553554 11680.897880783
0.854654654654655 11744.9838743278
0.855755755755756 11788.8451070583
0.856856856856857 11812.3472095916
0.857957957957958 11815.5356064743
0.859059059059059 11798.6353606911
0.86016016016016 11762.0474169089
0.861261261261261 11706.3411407947
0.862362362362362 11632.2432019674
0.863463463463464 11540.6230067803
0.864564564564565 11432.4750436949
0.865665665665666 11308.8986482286
0.866766766766767 11171.0758169665
0.867867867867868 11020.2477932073
0.868968968968969 10857.6912047567
0.87007007007007 10684.6945537345
0.871171171171171 10502.5358379456
0.872272272272272 10312.4620245398
0.873373373373374 10115.6710026831
0.874474474474475 9913.29651795394
0.875575575575576 9706.3964440256
0.876676676676677 9495.94458496095
0.877777777777778 9282.8260331535
0.878878878878879 9067.83594298709
0.87997997997998 8851.68142798794
0.881081081081081 8634.98615823273
0.882182182182182 8418.29713242267
0.883283283283283 8202.09303090763
0.884384384384384 7986.79352530047
0.885485485485486 7772.76892786773
0.886586586586587 7560.34960764493
0.887687687687688 7349.83467564874
0.888788788788789 7141.49954195599
0.88988988988989 6935.60206446245
0.890990990990991 6732.38713360491
0.892092092092092 6532.08965995729
0.893193193193193 6334.93604378147
0.894294294294294 6141.14430014373
0.895395395395395 5950.92308482545
0.896496496496497 5764.46991194578
0.897597597597598 5581.96887328685
0.898698698698699 5403.58816328603
0.8997997997998 5229.47768589914
0.900900900900901 5059.76697479679
0.902002002002002 4894.56360222267
0.903103103103103 4733.95219012182
0.904204204204204 4577.99407541327
0.905305305305305 4426.72762433603
0.906406406406406 4280.1691424408
0.907507507507508 4138.31428958352
0.908608608608609 4001.13988449993
0.90970970970971 3868.60597128882
0.910810810810811 3740.65801947433
0.911911911911912 3617.2291385093
0.913013013013013 3498.2422043643
0.914114114114114 3383.61181768059
0.915215215215215 3273.24603731824
0.916316316316316 3167.04785766373
0.917417417417418 3064.91642080386
0.918518518518519 2966.74797412118
0.91961961961962 2872.43659903742
0.920720720720721 2781.87474705268
0.921821821821822 2694.95362490102
0.922922922922923 2611.56347195537
0.924024024024024 2531.59377064657
0.925125125125125 2454.93342548349
0.926226226226226 2381.47093921356
0.927327327327327 2311.09460668443
0.928428428428428 2243.69273889182
0.92952952952953 2179.15392221812
0.930630630630631 2117.36731149894
0.931731731731732 2058.22295060729
0.932832832832833 2001.61211086747
0.933933933933934 1947.4276357653
0.935035035035035 1895.56427996563
0.936136136136136 1845.91903133508
0.937237237237237 1798.39140621238
0.938338338338338 1752.88371026392
0.93943943943944 1709.30125962492
0.940540540540541 1667.55255940527
0.941641641641642 1627.54943884062
0.942742742742743 1589.20714425512
0.943843843843844 1552.44439249198
0.944944944944945 1517.18338853407
0.946046046046046 1483.3498116923
0.947147147147147 1450.87277502856
0.948248248248248 1419.68476266699
0.949349349349349 1389.72154940515
0.950450450450451 1360.92210663735
0.951551551551552 1333.2284981141
0.952652652652653 1306.58576853999
0.953753753753754 1280.94182749991
0.954854854854855 1256.24733073322
0.955955955955956 1232.45556035991
0.957057057057057 1209.52230531854
0.958158158158158 1187.40574299138
0.959259259259259 1166.06632277277
0.96036036036036 1145.46665216508
0.961461461461461 1125.57138585668
0.962562562562563 1106.34711813708
0.963663663663664 1087.76227892676
0.964764764764765 1069.78703363432
0.965865865865866 1052.39318700059
0.966966966966967 1035.5540910389
0.968068068068068 1019.24455713677
0.969169169169169 1003.44077234139
0.97027027027027 988.120219812682
0.971371371371372 973.261603392838
0.972472472472473 958.844776209384
0.973573573573574 944.850673203915
0.974674674674675 931.261247456826
0.975775775775776 918.059410162694
0.976876876876877 905.228974100165
0.977977977977978 892.754600433558
0.979079079079079 880.621748680901
0.98018018018018 868.81662968323
0.981281281281281 857.326161413256
0.982382382382382 846.13792746579
0.983483483483484 835.24013807872
0.984584584584585 824.621593538909
0.985685685685686 814.271649835338
0.986786786786787 804.180186427889
0.987887887887888 794.337576007057
0.988988988988989 784.734656126694
0.99009009009009 775.362702597703
0.991191191191191 766.213404536287
0.992292292292292 757.278840966547
0.993393393393393 748.551458881741
0.994494494494495 740.02405267391
0.995595595595596 731.689744846393
0.996696696696697 723.541967927973
0.997797797797798 715.574447512609
0.998898898898899 707.781186351699
1 700.156449431536
