-0.1 40.0595223148494 8.20218959085851
-0.095 20.4914453094873 5.00709558583167
-0.09 6.87867602232757 5.30435865679497
-0.085 32.9194731357657 7.78929852597305
-0.08 45.1153950193001 6.84111817365567
-0.075 50.7533837975199 7.18279981217093
-0.07 84.8725431133068 9.56336235151538
-0.065 115.955397213038 11.1232705091216
-0.06 143.838783078613 12.6919665988769
-0.055 127.540039290909 14.1542473907661
-0.05 188.895677211041 15.6076214857949
-0.045 249.722995558722 16.5405016046095
-0.04 325.523731066838 18.7938633214533
-0.035 427.453834102948 21.2902115914057
-0.03 654.977442210888 26.17415707239
-0.025 1046.48945896394 33.0973385692175
-0.02 1496.26095723731 39.6585870500789
-0.015 1963.43283526931 45.4313086421606
-0.01 2351.1173078729 49.7952330521766
-0.005 2563.0675814119 60.826636503986
0 2579.24515677208 59.5398581782091
0.00499999999999999 2387.61995359146 50.1402462005942
0.01 2188.45016351838 47.9576043623763
0.015 1881.60413188451 44.3973518387944
0.02 1468.87717488543 39.2664033445418
0.025 1051.27495316396 33.1431875122517
0.03 703.973700864326 27.0684511420689
0.035 433.078731249416 21.2730237739631
0.04 292.394192186704 17.3648907548511
0.045 280.555545699653 17.0292522766884
0.05 251.342809134714 18.2547795822761
0.055 202.536360423981 16.975366494316
0.06 153.198225392692 12.5225097280301
0.065 118.227283439006 11.5685016660667
0.07 173.182572324058 13.6667831557038
0.075 197.134075851242 14.2721808478644
0.08 192.422964418908 13.8946865362701
0.085 204.110862819045 14.2991934924516
0.09 194.33061109523 13.9261338044358
0.095 196.844392201933 13.9759278627847
0.1 238.360274589239 17.5631486939668
0.105 306.699248912364 19.87472155594
0.11 307.988816231187 17.3503078205028
0.115 288.572416574013 16.7482897320295
0.12 318.617149868733 17.6034156323876
0.125 335.907187858897 18.0505765611206
0.13 366.983351352623 18.7334049649391
0.135 487.910912022145 21.4378776826321
0.14 596.653298536555 23.7315371221049
0.145 659.348556090786 24.8408811756204
0.15 808.794500087851 31.7468729332234
0.155 938.563778244635 33.7337926262703
0.16 1305.71735300845 34.7128094500542
0.165 2056.8550134023 43.2858918404866
0.17 2906.16719098026 51.3416106732537
0.175 3524.68097917957 56.3697368591392
0.18 3870.11091353174 58.8713077347372
0.185 4048.53108816625 60.0234730703206
0.19 4086.01679720963 60.0906705474018
0.195 4028.0814774355 59.4657815856288
0.2 3938.65914680587 67.1721586865697
0.205 3393.6185020613 63.5257197049492
0.21 2536.53985697511 46.762542945017
0.215 1812.9059376359 39.3879936757563
0.22 1327.96826418737 33.6323217158065
0.225 986.053804743039 28.8451881283768
0.23 759.833537545867 25.2348823360353
0.235 636.296399271549 23.0189169068445
0.24 593.890891807016 22.1790414752504
0.245 574.155997159002 21.6790208202791
0.25 492.689116254005 23.2768099547768
0.255 523.357355416798 23.5680745560669
0.26 557.215887850466 21.1901986182087
0.265 593.949194244803 21.8022371575992
0.27 627.725515892343 22.3355330747173
0.275 666.107181527936 22.9053829770467
0.28 723.889395768541 23.7716724887725
0.285 820.80624541952 25.250604984687
0.29 995.21322025159 27.6870308072983
0.295 1217.62407638631 30.4937943408196
0.3 1411.25911800231 38.0600750658192
0.305 1678.05274688686 40.3785055499561
0.31 2013.72774640878 38.8659002020559
0.315 2356.81892494656 41.9485013048068
0.32 2649.5324933519 44.3625688536925
0.325 2824.55326048442 45.6790872420838
0.33 2921.79302801044 46.3345213066914
0.335 2973.42797754861 46.618420205066
0.34 2955.04379211642 46.3509745265022
0.345 2868.81102514287 45.5511960395429
0.35 2683.86708636584 50.6595360503452
0.355 2428.79683705492 47.9094172034326
0.36 2172.89013042885 39.3213453275923
0.365 1968.59542401489 37.3226864767313
0.37 1747.1610175391 35.0379475929558
0.375 1569.80769052792 33.1326332741952
0.38 1365.98250068585 30.785297310036
0.385 1158.78575614075 28.3302281367128
0.39 1009.16315092855 26.3441307202438
0.395 844.798436580157 24.0243037318427
0.4 746.786957089498 26.0651958622234
0.405 616.542354952429 23.6695955156817
0.41 472.513195500752 17.8368208575263
0.415 382.879699638152 16.0264512261896
0.42 322.340930601407 14.675642413945
0.425 298.385856571003 14.1162049739376
0.43 295.096800201191 14.0128723069132
0.435 257.997785865376 13.0529251696091
0.44 246.997482704515 12.7488996692839
0.445 284.701710475323 13.6744127380019
0.45 268.506794126758 13.2535917073111
0.455 293.60294300032 15.8528940747067
0.46 352.946880838605 17.5371804910038
0.465 423.332323127364 16.5580426979226
0.47 438.252584284947 16.8183780128178
0.475 459.061124678273 17.1632237908841
0.48 535.696700098187 18.5096347800418
0.485 610.323014466856 19.7322966855065
0.49 709.837402398176 21.1928768585029
0.495 824.219972106484 22.8390263588021
0.5 875.334731323316 23.4622349199373
0.505 957.00620030144 28.0926710783079
0.51 1023.27105044086 29.2141048986893
0.515 1069.38516641453 25.8447079721599
0.52 1106.32816199856 26.2604710493737
0.525 1092.5281036495 26.0651468552073
0.53 1027.50870487214 25.2409689593732
0.535 923.2304669785 23.8777323663454
0.54 802.702047899933 22.2404741974875
0.545 700.867220899674 20.7745763069162
0.55 607.332978799117 19.3437307573792
0.555 534.166833146492 20.5054686668289
0.56 448.587410942405 19.3645230977545
0.565 399.277485742734 15.6156215589703
0.57 401.95790094384 15.6555092663629
0.575 358.469400918122 14.7239676284108
0.58 316.81828388415 13.8407822987454
0.585 295.305945415332 13.3295194750427
0.59 281.598806589296 13.0054974095538
0.595 285.737694438885 13.0958802992876
0.6 249.91511118344 12.3055644608989
0.605 223.966693259668 13.1743968496023
0.61 225.529859192812 13.3601763132584
0.615 253.307211529373 12.277311615868
0.62 286.142964475118 13.0492804407944
0.625 288.398613541231 13.0950934748371
0.63 308.218534350778 13.5061787208785
0.635 363.47911109765 14.6793562054454
0.64 402.341878310146 15.454830407933
0.645 441.780017441087 16.1533000052977
0.65 508.016516052282 17.3229159585862
0.655 548.900514077372 20.5803248362715
0.66 584.370015279786 21.243883379779
0.665 615.130611477242 18.9922696213734
0.67 642.695409227854 19.4008968852626
0.675 677.229449674148 19.9023298683474
0.68 681.66376570968 19.9589469050776
0.685 657.407520082693 19.5882957464743
0.69 635.781300593337 19.241566107058
0.695 629.302981932012 19.1224047237912
0.7 621.471546540191 18.9900049198495
0.705 592.135582439214 21.3847616506676
0.71 587.180118928764 21.1838659583816
0.715 527.180406207499 17.4476911469862
0.72 440.537540412929 15.9461359792138
0.725 402.598367632066 15.2511109078187
0.73 383.253327860738 14.8694819223487
0.735 344.533598582129 14.0841271761027
0.74 305.269805321201 13.2591954938204
0.745 282.620658601882 12.7546177326677
0.75 261.691533299438 12.2615135395257
0.755 237.372008750737 13.4399332684804
0.76 211.191420181647 12.6878709365316
0.765 190.021780161021 10.4540058470357
0.77 196.299004175814 10.6111540116514
0.775 243.124400049559 11.7609610276294
0.78 233.24616554805 11.5077080032391
0.785 190.396570770758 10.4208739409442
0.79 182.740847777282 10.2083253271098
0.795 199.676104876966 10.657053542173
0.8 215.294367996854 11.0979702278601
0.805 222.097577998517 13.0734989196412
0.81 255.199331375089 13.6663317316867
0.815 314.793802845596 13.3731990399707
0.82 367.547003743306 14.4433910756353
0.825 385.691504568777 14.8169009570261
0.83 386.720704953735 14.8391464325935
0.835 430.092863268757 15.6019774664437
0.84 442.623180992781 15.813115270501
0.845 394.619827797035 14.9337132393896
0.85 381.193818680334 14.6749048501713
0.855 401.703046072372 17.5949299094095
0.86 413.43470906791 17.4778156545861
0.865 394.903982345526 14.9302061711798
0.87 432.814518704158 15.6089778884547
0.875 387.369842793654 14.7692613004903
0.88 325.857521896804 13.58874385602
0.885 318.668610927717 13.4061968635025
0.89 302.181918473061 13.0180105318663
0.895 281.741472053305 12.5892298300823
0.9 285.646378671724 12.7371637595153
0.905 240.756355227761 11.729264685847
0.91 179.326583711383 11.3916948404673
0.915 167.703529974843 11.7119647223029
0.92 171.087502593858 9.89059021421372
0.925 174.515155670556 9.93407752089011
0.93 179.406912733985 10.0551614051047
0.935 168.135014690341 9.69996170474185
0.94 140.090441015953 8.91931032068194
0.945 152.650562801474 9.29385938065972
0.95 166.883029931108 9.78109582828982
0.955 152.889881421763 9.41654309324864
0.96 185.461563608513 11.6861326011386
0.965 204.447447297964 12.8857372640582
0.97 216.159662423159 11.0974285964122
0.975 267.253918563815 12.2007079765338
0.98 260.346866611022 12.0271520902337
0.985 251.138132118006 11.8512214396426
0.99 254.447860453352 11.9282120906685
0.995 255.943402980573 11.9400981751151
1 259.810739117783 12.0367224401308
1.005 252.887318880114 11.841805938031
1.01 284.248598972875 14.3257216726695
1.015 280.685642529075 14.4130255234591
1.02 286.335325304176 12.6460294310665
1.025 313.330428292608 13.2303588846496
1.03 321.535004003921 13.3772887043842
1.035 328.440331102085 13.4920109677303
1.04 338.978768168975 13.7221692120881
1.045 328.108739100321 13.5038269141028
1.05 311.656136476241 13.1507152702909
1.055 276.184396070516 12.3658949403961
1.06 234.326795781344 13.1367748731791
1.065 277.62707211034 14.2514974782028
1.07 260.25880373832 12.0485023305616
1.075 213.799024969966 10.888187642935
1.08 173.493540455334 9.77617987337245
1.085 148.100919058206 9.03761794789185
1.09 160.706955628353 9.42053771839395
1.095 162.016805806656 9.50521949164077
1.1 129.094303147538 8.60195706374804
1.105 143.267096184489 9.01936901448891
1.11 171.976584722756 11.2686565966981
1.115 166.141926687403 10.9746822417374
1.12 147.196211288387 8.9941412493756
1.125 109.297877429297 7.72656784568398
1.13 119.08249183064 8.16232910103275
1.135 142.454456476219 8.92523465663288
1.14 151.953300381383 9.36033667783162
1.145 163.630085375423 9.73150543407023
1.15 185.494828920488 10.1198885415986
1.155 210.722372874341 10.7764771179859
1.16 200.169956011677 11.9719393675697
1.165 176.304679324403 11.5014565025397
1.17 183.965192215091 10.250510640261
1.175 203.62520695683 10.6509411713453
1.18 209.521265626348 10.7610120870175
1.185 226.552334885678 11.18553619
1.19 228.543812235166 11.2126904767714
1.195 228.391577327552 11.2055684713102
1.2 238.279328675916 11.4725752076655
1.205 225.451577457528 11.1541328408781
1.21 245.033394382349 13.4347175817623
1.215 248.229520717895 13.2854321610668
1.22 244.077808316742 11.5916637127772
1.225 218.185487880522 10.9411398925905
1.23 190.749759860648 10.2901838815111
1.235 166.098755080542 9.61791508880209
1.24 148.791563791866 9.05377090998409
1.245 144.242301370741 8.88795698890234
1.25 141.563685561389 8.89525209142265
1.255 143.701202082439 9.04485083801426
1.26 150.42174492498 10.5234685023776
1.265 138.002958400585 10.1099716809198
1.27 122.282400349412 8.2342697235163
1.275 123.782750911189 8.35114184950114
1.28 96.0060965086055 7.47104588353536
1.285 87.6173707840572 7.10633098201604
1.29 130.024334772678 8.41156679815307
1.295 126.222526190465 8.25232914842782
1.3 104.387764045705 7.55888776850006
1.305 136.185217504713 8.64420365020062
1.31 157.480400006181 10.8185834107481
1.315 146.392857996043 10.1351661024611
1.32 174.574583559455 9.78071011485869
1.325 187.313192050341 10.1233358420076
1.33 185.10130529895 10.0724409027223
1.335 187.482463793811 10.1278469573665
1.34 208.559595120439 10.6529529333508
1.345 223.042093255432 11.08976391744
1.35 205.795474161055 10.713720115832
1.355 187.183515447998 10.1673907813428
1.36 191.139926232299 10.1994871618891
1.365 161.756158425684 10.5679311748612
1.37 161.474254698205 10.7193377650812
1.375 185.054660582517 10.0499809956181
1.38 194.235097440583 10.2807251021397
1.385 193.399502262846 10.2679683957489
1.39 195.240640987861 10.3142859644685
1.395 175.699688625896 9.93974600129049
1.4 150.174954617213 9.41569494645835
1.405 158.979930012543 9.55363740531155
1.41 169.695591181909 9.64205409846305
1.415 136.86774627176 9.78360859017127
1.42 127.587219244964 9.62917905069352
1.425 114.971654804563 7.92794391751018
1.43 108.8986823767 7.70703044505172
1.435 115.068672172768 7.90408590525025
1.44 107.000979989316 7.65094779232638
1.445 88.563597047208 7.03699478571508
1.45 94.2897443887865 7.212123901728
1.455 111.624636555179 7.87257066814012
1.46 115.982705705871 8.1532889902563
1.465 126.039202063802 9.83383498680048
1.47 148.883171358628 10.4897610292172
1.475 138.062842139907 8.69724134649559
1.48 129.088355101604 8.47706573238514
1.485 145.643506546729 9.01128462819896
1.49 167.812064145476 9.60857072922542
1.495 171.316338761702 9.70215712744034
1.5 165.609262514787 9.54260805108523
