-0.1 550.676633745792
-0.0988988988988989 554.60964932768
-0.0977977977977978 558.585629960003
-0.0966966966966967 562.605210454687
-0.0955955955955956 566.669037474092
-0.0944944944944945 570.7777697982
-0.0933933933933934 574.932078599872
-0.0922922922922923 579.132647726493
-0.0911911911911912 583.380173989673
-0.0900900900900901 587.675367462775
-0.088988988988989 592.018951786146
-0.0878878878878879 596.411664480717
-0.0867867867867868 600.85425727035
-0.0856856856856857 605.347496412487
-0.0845845845845846 609.892163038442
-0.0834834834834835 614.489053502455
-0.0823823823823824 619.138979740803
-0.0812812812812813 623.842769640699
-0.0801801801801802 628.601267419327
-0.0790790790790791 633.415334013751
-0.077977977977978 638.28584748143
-0.0768768768768769 643.21370341221
-0.0757757757757758 648.199815351922
-0.0746746746746747 653.245115237923
-0.0735735735735736 658.350553847133
-0.0724724724724725 663.517101256754
-0.0713713713713714 668.74574731857
-0.0702702702702703 674.037502146332
-0.0691691691691692 679.393396617841
-0.0680680680680681 684.814482891383
-0.066966966966967 690.30183493707
-0.0658658658658659 695.856549084161
-0.0647647647647648 701.479744584251
-0.0636636636636637 707.172564191084
-0.0625625625625626 712.936174757732
-0.0614614614614615 718.771767851535
-0.0603603603603604 724.680560387401
-0.0592592592592593 730.663795280338
-0.0581581581581582 736.722742117526
-0.0570570570570571 742.858697850816
-0.055955955955956 749.072987510396
-0.0548548548548549 755.366964940479
-0.0537537537537538 761.742013557115
-0.0526526526526527 768.199547130061
-0.0515515515515516 774.741010588439
-0.0504504504504505 781.367880851619
-0.0493493493493493 788.081667686363
-0.0482482482482482 794.883914590422
-0.0471471471471471 801.776199704773
-0.046046046046046 808.760136754017
-0.0449449449449449 815.837376017357
-0.0438438438438438 823.009605330412
-0.0427427427427427 830.278551119341
-0.0416416416416416 837.645979468428
-0.0405405405405405 845.113697222215
-0.0394394394394394 852.683553123734
-0.0383383383383383 860.357438990065
-0.0372372372372372 868.137290926466
-0.0361361361361361 876.025090580773
-0.035035035035035 884.02286643986
-0.0339339339339339 892.132695168516
-0.0328328328328328 900.356702994323
-0.0317317317317317 908.697067138619
-0.0306306306306306 917.156017296164
-0.0295295295295295 925.735837165099
-0.0284284284284284 934.438866029511
-0.0273273273273273 943.267500396221
-0.0262262262262262 952.224195688207
-0.0251251251251251 961.311467997009
-0.024024024024024 970.531895896153
-0.0229229229229229 979.888122318185
-0.0218218218218218 989.382856498129
-0.0207207207207207 999.018875985695
-0.0196196196196196 1008.79902872902
-0.0185185185185185 1018.72623523348
-0.0174174174174174 1028.8034907976
-0.0163163163163163 1039.03386783056
-0.0152152152152152 1049.42051825321
-0.0141141141141141 1059.96667598762
-0.013013013013013 1070.67565953745
-0.0119119119119119 1081.55087466431
-0.0108108108108108 1092.59581716285
-0.0097097097097097 1103.81407573982
-0.00860860860860861 1115.20933500153
-0.0075075075075075 1126.78537855311
-0.00640640640640641 1138.54609221637
-0.00530530530530531 1150.49546736975
-0.0042042042042042 1162.63760441663
-0.00310310310310311 1174.97671638748
-0.002002002002002 1187.51713268122
-0.000900900900900906 1200.26330295337
0.000200200200200201 1213.21980115569
0.00130130130130131 1226.39132973545
0.0024024024024024 1239.78272400167
0.00350350350350351 1253.39895666475
0.0046046046046046 1267.24514255846
0.00570570570570571 1281.32654355263
0.00680680680680681 1295.64857366438
0.00790790790790791 1310.21680437894
0.00900900900900901 1325.03697018786
0.0101101101101101 1340.11497435613
0.0112112112112112 1355.45689492906
0.0123123123123123 1371.0689909892
0.0134134134134134 1386.95770917722
0.0145145145145145 1403.12969048746
0.0156156156156156 1419.59177735247
0.0167167167167167 1436.35102103128
0.0178178178178178 1453.41468931475
0.0189189189189189 1470.79027456486
0.02002002002002 1488.48550210401
0.0211211211211211 1506.50833897258
0.0222222222222222 1524.86700307165
0.0233233233233233 1543.56997271242
0.0244244244244244 1562.62599659137
0.0255255255255255 1582.04410421394
0.0266266266266266 1601.83361678957
0.0277277277277277 1622.00415862235
0.0288288288288288 1642.56566902345
0.0299299299299299 1663.52841477294
0.031031031031031 1684.9030031593
0.0321321321321321 1706.70039562813
0.0332332332332332 1728.93192207245
0.0343343343343343 1751.60929579917
0.0354354354354355 1774.74462920807
0.0365365365365365 1798.35045022309
0.0376376376376376 1822.43971951669
0.0387387387387387 1847.02584857081
0.0398398398398399 1872.12271862207
0.0409409409409409 1897.7447005404
0.042042042042042 1923.906675693
0.0431431431431432 1950.62405785138
0.0442442442442443 1977.9128161995
0.0453453453453453 2005.78949950779
0.0464464464464464 2034.27126153976
0.0475475475475476 2063.37588776425
0.0486486486486487 2093.12182344942
0.0497497497497497 2123.52820322049
0.0508508508508509 2154.61488216938
0.051951951951952 2186.40246860864
0.0530530530530531 2218.91235856971
0.0541541541541542 2252.16677215256
0.0552552552552553 2286.18879183858
0.0563563563563564 2321.00240289101
0.0574574574574575 2356.63253597083
0.0585585585585586 2393.10511210759
0.0596596596596597 2430.44709017648
0.0607607607607608 2468.68651703752
0.0618618618618619 2507.85258051149
0.062962962962963 2547.97566537435
0.0640640640640641 2589.0874125671
0.0651651651651652 2631.22078183303
0.0662662662662663 2674.41011800858
0.0673673673673674 2718.69122121233
0.0684684684684685 2764.10142119293
0.0695695695695696 2810.67965611997
0.0706706706706707 2858.46655611827
0.0717717717717718 2907.5045318747
0.0728728728728729 2957.83786866769
0.073973973973974 3009.51282619966
0.0750750750750751 3062.57774463912
0.0761761761761762 3117.08315731769
0.0772772772772773 3173.08191055302
0.0783783783783784 3230.6292911162
0.0794794794794795 3289.78316189767
0.0805805805805806 3350.60410637364
0.0816816816816817 3413.15558252208
0.0827827827827828 3477.50408689564
0.0838838838838839 3543.71932960949
0.084984984984985 3611.87442107652
0.0860860860860861 3682.04607138252
0.0871871871871872 3754.31480327468
0.0882882882882883 3828.76517982164
0.0893893893893894 3905.48604789142
0.0904904904904905 3984.57079869395
0.0915915915915916 4066.11764674477
0.0926926926926927 4150.22992872781
0.0937937937937938 4237.01642385986
0.0948948948948949 4326.59169751401
0.095995995995996 4419.07647000168
0.0970970970970971 4514.59801260113
0.0981981981981982 4613.29057309862
0.0992992992992993 4715.29583332113
0.1004004004004 4820.76340136529
0.101501501501502 4929.85134148368
0.102602602602603 5042.72674485267
0.103703703703704 5159.56634476327
0.104804804804805 5280.55718009365
0.105905905905906 5405.89731129727
0.107007007007007 5535.79659353111
0.108108108108108 5670.47751199379
0.109209209209209 5810.17608501555
0.11031031031031 5955.1428409784
0.111411411411411 6105.64387570451
0.112512512512513 6261.96199759947
0.113613613613614 6424.3979685003
0.114714714714715 6593.27184894343
0.115815815815816 6768.92445736569
0.116916916916917 6951.71895363012
0.118018018018018 7142.04255821721
0.119119119119119 7340.30841943478
0.12022022022022 7546.95764206966
0.121321321321321 7762.46149207063
0.122422422422422 7987.32379302375
0.123523523523524 8222.08353144458
0.124624624624625 8467.31768915614
0.125725725725726 8723.64432229373
0.126826826826827 8991.72590766679
0.127927927927928 9272.27297833322
0.129029029029029 9566.04807115547
0.13013013013013 9873.87000975854
0.131231231231231 10196.6185465568
0.132332332332332 10535.2393871618
0.133433433433433 10890.749619337
0.134534534534535 11264.2435664256
0.135635635635636 11656.8990814754
0.136736736736737 12069.9842926746
0.137837837837838 12504.8648026397
0.138938938938939 12963.0113328278
0.14004004004004 13446.007789051
0.141141141141141 13955.5597037519
0.142242242242242 14493.5029841026
0.143343343343343 15061.8128607461
0.144444444444444 15662.6128885406
0.145545545545546 16298.1837962009
0.146646646646647 16970.9719144432
0.147747747747748 17683.5968302811
0.148848848848849 18438.8578167159
0.14994994994995 19239.7384709015
0.151051051051051 20089.4088591924
0.152152152152152 20991.2243145303
0.153253253253253 21948.7198623491
0.154354354354354 22965.599069122
0.155455455455455 24045.7159196688
0.156556556556557 25193.0481448775
0.157657657657658 26411.6602545679
0.158758758758759 27705.6543987543
0.15985985985986 29079.1071075135
0.160960960960961 30535.9899720096
0.162062062062062 32080.0724581827
0.163163163163163 33714.8053231526
0.164264264264264 35443.1835659716
0.165365365365365 37267.5885188045
0.166466466466466 39189.6095948669
0.167567567567568 41209.8473657829
0.168668668668669 43327.7010367672
0.16976976976977 45541.144993422
0.170870870870871 47846.5008522702
0.171971971971972 50238.2132716426
0.173073073073073 52708.6395527747
0.174174174174174 55247.8646376396
0.175275275275275 57843.5543238468
0.176376376376376 60480.8601910688
0.177477477477477 63142.3896955982
0.178578578578579 65808.2539902093
0.17967967967968 68456.2041582183
0.180780780780781 71061.8636682715
0.181881881881882 73599.0609938799
0.182982982982983 76040.261623419
0.184084084084084 78357.0933307716
0.185185185185185 80520.9528919993
0.186286286286286 82503.6767971772
0.187387387387387 84278.2533446416
0.188488488488489 85819.5492499465
0.18958958958959 87105.0209577633
0.190690690690691 88115.3795409901
0.191791791791792 88835.1786270174
0.192892892892893 89253.2972840368
0.193993993993994 89363.2941511935
0.195095095095095 89163.6150674584
0.196196196196196 88657.6436634803
0.197297297297297 87853.5923356644
0.198398398398398 86764.2391601078
0.199499499499499 85406.5240477455
0.200600600600601 83801.0242482893
0.201701701701702 81971.334723242
0.202802802802803 79943.3825954418
0.203903903903904 77744.7066641048
0.205005005005005 75403.7328290513
0.206106106106106 72949.0743288355
0.207207207207207 70408.8822284453
0.208308308308308 67810.2669542536
0.209409409409409 65178.8062869951
0.210510510510511 62538.149521777
0.211611611611612 59909.7218997079
0.212712712712713 57312.5282631376
0.213813813813814 54763.0504624925
0.214914914914915 52275.2295310303
0.216016016016016 49860.5211349105
0.217117117117117 47528.0113028899
0.218218218218218 45284.5788724264
0.219319319319319 43135.0913320013
0.22042042042042 41082.6216325719
0.221521521521522 39128.6749086697
0.222622622622623 37273.4157170199
0.223723723723724 35515.8882081663
0.224824824824825 33854.2234588226
0.225925925925926 32285.8299033361
0.227027027027027 30807.5643359687
0.228128128128128 29415.8822656952
0.229229229229229 28106.9674707894
0.23033033033033 26876.8414221843
0.231431431431431 25721.4538376193
0.232532532532533 24636.7560192629
0.233633633633634 23618.7588471635
0.234734734734735 22663.5773832387
0.235835835835836 21767.4640181548
0.236936936936937 20926.8319960686
0.238038038038038 20138.2710053624
0.239139139139139 19398.5563484196
0.24024024024024 18704.6530164518
0.241341341341341 18053.7158087142
0.242442442442442 17443.0864577135
0.243543543543544 16870.2885584873
0.244644644644645 16333.0209539185
0.245745745745746 15829.15010038
0.246846846846847 15356.7018286918
0.247947947947948 14913.8528234447
0.249049049049049 14498.922067611
0.25015015015015 14110.3624372724
0.251251251251251 13746.7525813719
0.252352352352352 13406.7891818043
0.253453453453453 13089.2796582129
0.254554554554555 12793.1353580585
0.255655655655656 12517.3652545057
0.256756756756757 12261.0701612965
0.257857857857858 12023.4374641349
0.258958958958959 11803.7363612813
0.26006006006006 11601.3136015228
0.261161161161161 11415.5897047611
0.262262262262262 11246.0556488044
0.263363363363363 11092.2700051292
0.264464464464464 10953.856506102
0.265565565565566 10830.5020261602
0.266666666666667 10721.9549594683
0.267767767767768 10628.0239764607
0.268868868868869 10548.5771410838
0.26996996996997 10483.5413694281
0.271071071071071 10432.9022083488
0.272172172172172 10396.7039095419
0.273273273273273 10375.049769902
0.274374374374374 10368.1027026246
0.275475475475475 10376.0859950167
0.276576576576577 10399.2841978867
0.277677677677678 10438.0440773688
0.278778778778779 10492.7755425563
0.27987987987988 10563.9524409962
0.280980980980981 10652.1130885695
0.282082082082082 10757.8603702953
0.283183183183183 10881.8612140784
0.284284284284284 11024.8452007172
0.285385385385385 11187.6020310759
0.286486486486487 11370.9775266295
0.287587587587588 11575.8677943178
0.288688688688689 11803.2111436141
0.28978978978979 12053.9773066276
0.290890890890891 12329.1534855583
0.291991991991992 12629.7267418682
0.293093093093093 12956.6622546634
0.294194194194194 13310.8770198427
0.295295295295295 13693.2086441086
0.296396396396396 14104.3790169213
0.297497497497498 14544.9528252787
0.298598598598599 15015.2911156033
0.2996996996997 15515.5004052353
0.300800800800801 16045.3782001911
0.301901901901902 16604.3561772292
0.303003003003003 17191.4427217419
0.304104104104104 17805.166956221
0.305205205205205 18443.5268175336
0.306306306306306 19103.9441091689
0.307407407407407 19783.2297265515
0.308508508508509 20477.5623868091
0.30960960960961 21182.4841484282
0.310710710710711 21892.9157457343
0.311811811811812 22603.1942640245
0.312912912912913 23307.1349342081
0.314014014014014 23998.1178410417
0.315115115115115 24669.1991486109
0.316216216216216 25313.2451051712
0.317317317317317 25923.0856730395
0.318418418418418 26491.683231148
0.31951951951952 27012.3105226781
0.320620620620621 27478.7309745784
0.321721721721722 27885.373799593
0.322822822822823 28227.4959867406
0.323923923923924 28501.3234487735
0.325025025025025 28704.1642464652
0.326126126126126 28834.4879328227
0.327227227227227 28891.9665994417
0.328328328328328 28877.4750703491
0.329429429429429 28793.0497550233
0.330530530530531 28641.807802376
0.331631631631632 28427.830245185
0.332732732732733 28156.0146501045
0.333833833833834 27831.9042703965
0.334934934934935 27461.5017440342
0.336036036036036 27051.0759311521
0.337137137137137 26606.9705231429
0.338238238238238 26135.4226003507
0.339339339339339 25642.3984196626
0.34044044044044 25133.452458397
0.341541541541542 24613.6142263878
0.342642642642643 24087.3056933359
0.343743743743744 23558.2904733388
0.344844844844845 23029.6542653305
0.345945945945946 22503.8145563749
0.347047047047047 21982.5563252866
0.348148148148148 21467.0894886191
0.349249249249249 20958.1231402795
0.35035035035035 20455.9512608737
0.351451451451452 19960.5445066571
0.352552552552553 19471.6429079206
0.353653653653654 18988.8447774923
0.354754754754755 18511.6878065008
0.355855855855856 18039.7191538147
0.356956956956957 17572.5522612632
0.358058058058058 17109.9090905836
0.359159159159159 16651.6474239125
0.36026026026026 16197.7737455595
0.361361361361361 15748.4429841372
0.362462462462462 15303.9470056884
0.363563563563564 14864.6941861222
0.364664664664665 14431.1826433967
0.365765765765766 14003.9697771745
0.366866866866867 13583.6406587888
0.367967967967968 13170.7775602917
0.369069069069069 12765.9325392427
0.37017017017017 12369.6045423385
0.371271271271271 11982.2219949036
0.372372372372372 11604.1313429483
0.373473473473473 11235.5915448554
0.374574574574575 10876.7740999029
0.375675675675676 10527.7678725657
0.376776776776777 10188.5877382527
0.377877877877878 9859.1859428769
0.378978978978979 9539.46503227812
0.38008008008008 9229.29125827424
0.381181181181181 8928.50749061867
0.382282282282282 8636.94483986807
0.383383383383383 8354.43240450449
0.384484484484484 8080.80477672001
0.385585585585586 7815.90715643578
0.386686686686687 7559.59811717335
0.387787787787788 7311.75022871321
0.388888888888889 7072.24886283482
0.38998998998999 6840.98958679951
0.391091091091091 6617.87458543349
0.392192192192192 6402.80855080657
0.393293293293293 6195.69444494995
0.394394394394394 5996.42948375005
0.395495495495496 5804.90161752303
0.396596596596597 5620.98670398358
0.397697697697698 5444.5464896786
0.398798798798799 5275.42744237459
0.3998998998999 5113.46041370141
0.401001001001001 4958.46106120805
0.402102102102102 4810.23092303163
0.403203203203203 4668.55901631993
0.404304304304304 4533.22382119872
0.405405405405405 4403.99551340192
0.406506506506507 4280.63831834725
0.407607607607608 4162.91287501152
0.408708708708709 4050.57851702176
0.40980980980981 3943.39539894717
0.410910910910911 3841.12641612111
0.412012012012012 3743.53888519637
0.413113113113113 3650.40596922069
0.414214214214214 3561.50784479107
0.415315315315315 3476.63261970299
0.416416416416416 3395.57701749192
0.417517517517518 3318.14685064425
0.418618618618619 3244.15730737456
0.41971971971972 3173.43307814515
0.420820820820821 3105.80834793403
0.421921921921922 3041.12667903062
0.423023023023023 2979.24080721041
0.424124124124124 2920.01237176675
0.425225225225225 2863.31159731968
0.426326326326326 2809.01694273124
0.427427427427427 2757.01472997218
0.428528528528529 2707.19876348549
0.42962962962963 2659.46994851654
0.430730730730731 2613.73591507442
0.431831831831832 2569.91065262692
0.432932932932933 2527.91415933295
0.434034034034034 2487.67210853099
0.435135135135135 2449.1155343402
0.436236236236236 2412.18053753106
0.437337337337337 2376.80801229619
0.438438438438439 2342.94339413609
0.43953953953954 2310.53642878555
0.440640640640641 2279.54096189354
0.441741741741742 2249.91474903007
0.442842842842843 2221.61928551684
0.443943943943944 2194.61965554051
0.445045045045045 2168.88440000388
0.446146146146146 2144.38540259794
0.447247247247247 2121.09779362189
0.448348348348348 2098.99987113416
0.44944944944945 2078.0730390897
0.450550550550551 2058.30176218753
0.451651651651652 2039.67353723365
0.452752752752753 2022.17888089591
0.453853853853854 2005.81133379993
0.454954954954955 1990.56748098029
0.456056056056056 1976.44698875207
0.457157157157157 1963.45265810603
0.458258258258258 1951.59049474845
0.459359359359359 1940.86979589317
0.460460460460461 1931.30325386892
0.461561561561562 1922.90707651102
0.462662662662663 1915.70112415983
0.463763763763764 1909.70906286384
0.464864864864865 1904.95853307756
0.465965965965966 1901.48133272801
0.467067067067067 1899.31361297293
0.468168168168168 1898.49608427515
0.469269269269269 1899.07422953402
0.47037037037037 1901.09851993055
0.471471471471472 1904.62462782012
0.472572572572573 1909.71362944529
0.473673673673674 1916.43218840162
0.474774774774775 1924.8527086952
0.475875875875876 1935.05344388025
0.476976976976977 1947.11854619597
0.478078078078078 1961.13803691095
0.479179179179179 1977.20767630969
0.48028028028028 1995.42870907315
0.481381381381381 2015.90745837592
0.482482482482483 2038.75474007917
0.483583583583584 2064.0850671793
0.484684684684685 2092.01561447732
0.485785785785786 2122.6649145401
0.486886886886887 2156.15125872493
0.487987987987988 2192.59078157462
0.489089089089089 2232.09521343376
0.49019019019019 2274.76929476387
0.491291291291291 2320.70785626655
0.492392392392392 2369.99258135677
0.493493493493494 2422.68848133441
0.494594594594595 2478.84012824542
0.495695695695696 2538.4677051737
0.496796796796797 2601.56294777691
0.497897897897898 2668.08506345093
0.498998998998999 2737.95672481521
0.5001001001001 2811.06024168268
0.501201201201201 2887.23401993069
0.502302302302302 2966.26941671991
0.503403403403404 3047.90809958077
0.504504504504505 3131.84001263885
0.505605605605606 3217.70204749423
0.506706706706707 3305.07750995618
0.507807807807808 3393.49646777772
0.508908908908909 3482.43705927631
0.51001001001001 3571.32783830162
0.511111111111111 3659.55122677951
0.512212212212212 3746.44814073005
0.513313313313313 3831.323847207
0.514414414414414 3913.45509560637
0.515515515515516 3992.09854464116
0.516616616616617 4066.50047366923
0.517717717717718 4135.90772245305
0.518818818818819 4199.57974654555
0.51991991991992 4256.80160766662
0.521021021021021 4306.8976428558
0.522122122122122 4349.24547788972
0.523223223223223 4383.28997598902
0.524324324324324 4408.55664980936
0.525425425425425 4424.66402090909
0.526526526526527 4431.33439346173
0.527627627627628 4428.40252347817
0.528728728728729 4415.82171435414
0.52982982982983 4393.66695420436
0.530930930930931 4362.13482699338
0.532032032032032 4321.5400714344
0.533133133133133 4272.30881977428
0.534234234234234 4214.96871183896
0.535335335335335 4150.13623601367
0.536436436436436 4078.50178658044
0.537537537537538 4000.81303579234
0.538638638638639 3917.85729152742
0.53973973973974 3830.44354273788
0.540840840840841 3739.38488412482
0.541941941941942 3645.48196089336
0.543043043043043 3549.50798950727
0.544144144144144 3452.19579889196
0.545245245245245 3354.2272078441
0.546346346346346 3256.22491839437
0.547447447447448 3158.74697109163
0.548548548548549 3062.28368507228
0.54964964964965 2967.25690010536
0.550750750750751 2874.02125424326
0.551851851851852 2782.86717183876
0.552952952952953 2694.0252029467
0.554054054054054 2607.67134522437
0.555155155155155 2523.9329905856
0.556256256256256 2442.89516729074
0.557357357357357 2364.60678954765
0.558458458458459 2289.08667653579
0.55955955955956 2216.32915674946
0.560660660660661 2146.30912782167
0.561761761761762 2078.98649327233
0.562862862862863 2014.3099434837
0.563963963963964 1952.22008685496
0.565065065065065 1892.65196762825
0.566166166166166 1835.5370289853
0.567267267267267 1780.80459402556
0.568368368368368 1728.38294391764
0.56946946946947 1678.20007298084
0.570570570570571 1630.18419600218
0.571671671671672 1584.26407512224
0.572772772772773 1540.36922345983
0.573873873873874 1498.43003152025
0.574974974974975 1458.37785135719
0.576076076076076 1420.145063232
0.577177177177177 1383.66514066277
0.578278278278278 1348.87272259535
0.579379379379379 1315.70369602778
0.580480480480481 1284.09528871032
0.581581581581582 1253.98616930653
0.582682682682683 1225.31655135808
0.583783783783784 1198.02829723995
0.584884884884885 1172.06501871251
0.585985985985986 1147.37217141997
0.587087087087087 1123.89714152514
0.588188188188188 1101.58932347402
0.589289289289289 1080.40018854053
0.59039039039039 1060.28334428935
0.591491491491492 1041.19458538997
0.592592592592593 1023.0919363677
0.593693693693694 1005.93568689693
0.594794794794795 989.688420195269
0.595895895895896 974.315034983783
0.596996996996997 959.782761377316
0.598098098098098 946.061170969318
0.599199199199199 933.122181289798
0.6003003003003 920.940054736982
0.601401401401402 909.491392001645
0.602502502502503 898.755119909692
0.603603603603604 888.712473480705
0.604704704704705 879.346971831044
0.605805805805806 870.644387325899
0.606906906906907 862.592707096442
0.608008008008008 855.182085691485
0.609109109109109 848.404787224498
0.61021021021021 842.255114925358
0.611311311311311 836.729325524613
0.612412412412413 831.825525416382
0.613513513513514 827.543545094583
0.614614614614615 823.884787983507
0.615715715715716 820.852049528052
0.616816816816817 818.449302338979
0.617917917917918 816.681443356101
0.619019019019019 815.553999462961
0.62012012012012 815.072788824548
0.621221221221221 815.243536468075
0.622322322322322 816.071444331978
0.623423423423423 817.56071817369
0.624524524524525 819.714056339051
0.625625625625626 822.532108396309
0.626726726726727 826.012914917147
0.627827827827828 830.151343095526
0.628928928928929 834.938536226291
0.63003003003003 840.361398073949
0.631131131131131 846.402135563183
0.632232232232232 853.037884727547
0.633333333333333 860.240445168435
0.634434434434434 867.976147155138
0.635535535535536 876.205872754419
0.636636636636637 884.885247922327
0.637737737737738 893.965016363887
0.638838838838839 903.391598329346
0.63993993993994 913.107828703911
0.641041041041041 923.053859207533
0.642142142142142 933.168199839443
0.643243243243243 943.388865525956
0.644344344344344 953.654585943436
0.645445445445445 963.906030342957
0.646546546546547 974.086995444196
0.647647647647648 984.145503503894
0.648748748748749 994.03475969159
0.64984984984985 1003.71392290348
0.650950950950951 1013.1486518557
0.652052052052052 1022.3113982585
0.653153153153153 1031.18143044829
0.654254254254254 1039.74458331388
0.655355355355355 1047.99274292466
0.656456456456457 1055.92308622781
0.657557557557558 1063.53710691149
0.658658658658659 1070.83946755559
0.65975975975976 1077.83672522826
0.660860860860861 1084.5359826013
0.661961961961962 1090.94351947964
0.663063063063063 1097.06346048729
0.664164164164164 1102.8965336828
0.665265265265265 1108.43897226095
0.666366366366366 1113.68160733411
0.667467467467468 1118.6091941407
0.668568568568569 1123.20000688512
0.66966966966967 1127.42572874819
0.670770770770771 1131.25165341324
0.671871871871872 1134.63720279438
0.672972972972973 1137.53675274987
0.674074074074074 1139.90074478234
0.675175175175175 1141.67704764522
0.676276276276276 1142.81251914543
0.677377377377377 1143.25470612012
0.678478478478479 1142.9536105303
0.67957957957958 1141.86344275118
0.680680680680681 1139.94428023686
0.681781781781782 1137.16355135607
0.682882882882883 1133.49727058501
0.683983983983984 1128.93096232152
0.685085085085085 1123.46022588099
0.686186186186186 1117.09091293586
0.687287287287287 1109.83890965501
0.688388388388388 1101.7295377418
0.68948948948949 1092.79660999899
0.690590590590591 1083.08119550384
0.691691691691692 1072.63016557454
0.692792792792793 1061.49460332059
0.693893893893894 1049.72816583449
0.694994994994995 1037.38548855041
0.696096096096096 1024.52071591886
0.697197197197197 1011.18623172305
0.698298298298298 997.431646886226
0.699399399399399 983.303083649159
0.700500500500501 968.84277394582
0.701601601601602 954.088968239259
0.702702702702703 939.076130600502
0.703803803803804 923.835377900355
0.704904904904905 908.395106903152
0.706006006006006 892.781743721694
0.707107107107107 877.020546030744
0.708208208208208 861.136389711834
0.709309309309309 845.154477843935
0.710410410410411 829.100920398821
0.711511511511512 813.003146574074
0.712612612612613 796.890127126292
0.713713713713714 780.792400003178
0.714814814814815 764.741907721097
0.715915915915916 748.771668156734
0.717017017017017 732.915310844769
0.718118118118118 717.206517930853
0.719219219219219 701.678412392328
0.72032032032032 686.362936108017
0.721421421421422 671.290257210281
0.722522522522523 656.488240482455
0.723623623623624 641.982007111383
0.724724724724725 627.793601652816
0.725825825825826 613.941775389423
0.726926926926927 600.44188703556
0.728028028028028 587.305914521963
0.729129129129129 574.542565766674
0.73023023023023 562.157472122759
0.731331331331331 550.15344565717
0.732432432432433 538.530780474889
0.733533533533534 527.287578779382
0.734634634634635 516.420083988475
0.735735735735736 505.923005709508
0.736836836836837 495.789824401466
0.737937937937938 486.013066821977
0.739039039039039 476.584546610134
0.74014014014014 467.495567374748
0.741241241241241 458.737088285052
0.742342342342342 450.299854286649
0.743443443443443 442.17449464157
0.744544544544545 434.35159451163
0.745645645645646 426.821744803435
0.746746746746747 419.575575537352
0.747847847847848 412.603777677682
0.748948948948949 405.897117761263
0.75005005005005 399.446448888613
0.751151151151151 393.242720784951
0.752252252252252 387.276990781122
0.753353353353353 381.540436772256
0.754454454454455 376.024372531511
0.755555555555556 370.720265217736
0.756656656656657 365.619754531046
0.757757757757758 360.714672736354
0.758858858858859 355.997064676851
0.75995995995996 351.45920691421
0.761061061061061 347.093625233846
0.762162162162162 342.893109910352
0.763263263263263 338.850728316653
0.764364364364365 334.959834653232
0.765465465465466 331.214076755758
0.766566566566567 327.607400094519
0.767667667667668 324.134049201399
0.768768768768769 320.788566845698
0.76986986986987 317.56579133056
0.770970970970971 314.460852299905
0.772072072072072 311.469165439361
0.773173173173173 308.586426427092
0.774274274274274 305.808604452117
0.775375375375375 303.131935570506
0.776476476476477 300.552916122935
0.777577577577578 298.06829638973
0.778678678678679 295.675074619607
0.77977977977978 293.370491532156
0.780880880880881 291.152025365163
0.781981981981982 289.017387517148
0.783083083083083 286.964518817355
0.784184184184184 284.991586444796
0.785285285285285 283.096981508923
0.786386386386386 281.279317298392
0.787487487487488 279.537428198498
0.788588588588589 277.87036927174
0.78968968968969 276.277416488214
0.790790790790791 274.75806758189
0.791891891891892 273.312043494465
0.792992992992993 271.939290349558
0.794094094094094 270.63998187532
0.795195195195195 269.41452216246
0.796296296296296 268.263548606383
0.797397397397397 267.187934835758
0.798498498498499 266.188793375151
0.7995995995996 265.267477726261
0.800700700700701 264.425583480215
0.801801801801802 263.664947994999
0.802902902902903 262.98764808656
0.804004004004004 262.395995094939
0.805105105105105 261.892526599325
0.806206206206206 261.479993975414
0.807307307307307 261.161344920289
0.808408408408408 260.939700023172
0.80950950950951 260.818322443618
0.810610610610611 260.800579782703
0.811711711711712 260.88989730754
0.812812812812813 261.089701824859
0.813913913913914 261.403355704206
0.815015015015015 261.834080829113
0.816116116116116 262.384872608429
0.817217217217217 263.058404602651
0.818318318318318 263.856924802176
0.81941941941942 264.782145115857
0.820520520520521 265.835126163686
0.821621621621622 267.0161599837
0.822722722722723 268.324653723695
0.823823823823824 269.759017752562
0.824924924924925 271.316561857105
0.826026026026026 272.993403253927
0.827127127127127 274.784390020758
0.828228228228228 276.683043227278
0.829329329329329 278.681520528964
0.830430430430431 280.770603305042
0.831531531531532 282.939708614352
0.832632632632633 285.176926369794
0.833733733733734 287.469081259709
0.834834834834835 289.801818143756
0.835935935935936 292.159708987349
0.837037037037037 294.526378925067
0.838138138138138 296.884648792357
0.839239239239239 299.216691441228
0.84034034034034 301.504199339089
0.841441441441442 303.728561289651
0.842542542542543 305.871046540083
0.843643643643644 307.912994963734
0.844744744744745 309.836012343328
0.845845845845846 311.622169946768
0.846946946946947 313.254207526174
0.848048048048048 314.715738551669
0.849149149149149 315.991455920527
0.85025025025025 317.067335604345
0.851351351351351 317.930834787855
0.852452452452452 318.571080118948
0.853553553553554 318.979040846281
0.854654654654655 319.147680988997
0.855755755755756 319.072084368271
0.856856856856857 318.749546411917
0.857957957957958 318.179627167856
0.859059059059059 317.364160933345
0.86016016016016 316.307219289042
0.861261261261261 315.015026046436
0.862362362362362 313.495824569504
0.863463463463464 311.759699994112
0.864564564564565 309.81836090717
0.865665665665666 307.684886931604
0.866766766766767 305.373450273547
0.867867867867868 302.899020523021
0.868968968968969 300.277062785712
0.87007007007007 297.523239511421
0.871171171171171 294.653126158447
0.872272272272272 291.681950102967
0.873373373373374 288.6243610068
0.874474474474475 285.494239261654
0.875575575575576 282.304547217934
0.876676676676677 279.067225787441
0.877777777777778 275.793136799544
0.878878878878879 272.492049314541
0.87997997997998 269.172666081844
0.881081081081081 265.842684590723
0.882182182182182 262.508885799175
0.883283283283283 259.17724271872
0.884384384384384 255.853040625614
0.885485485485486 252.541000773664
0.886586586586587 249.245400075147
0.887687687687688 245.970180233697
0.888788788788789 242.719041166402
0.88988988988989 239.49551512945
0.890990990990991 236.303019636938
0.892092092092092 233.14488891018
0.893193193193193 230.024385098703
0.894294294294294 226.944691774592
0.895395395395395 223.908893149866
0.896496496496497 220.919943059258
0.897597597597598 217.98062798079
0.898698698698699 215.093528254852
0.8997997997998 212.260981255271
0.900900900900901 209.485049629816
0.902002002002002 206.767496939371
0.903103103103103 204.109772163868
0.904204204204204 201.513003687698
0.905305305305305 198.978002591142
0.906406406406406 196.505274412011
0.907507507507508 194.095038035782
0.908608608608609 191.747250042058
0.90970970970971 189.461632679644
0.910810810810811 187.237703648807
0.911911911911912 185.074806012368
0.913013013013013 182.972136805303
0.914114114114114 180.928773228969
0.915215215215215 178.943695666273
0.916316316316316 177.015807103813
0.917417417417418 175.143948869828
0.918518518518519 173.326912870343
0.91961961961962 171.563450717638
0.920720720720721 169.852280287781
0.921821821821822 168.192090318724
0.922922922922923 166.581543672097
0.924024024024024 165.019279841553
0.925125125125125 163.503917210252
0.926226226226226 162.034055453854
0.927327327327327 160.608278366478
0.928428428428428 159.225157268493
0.92952952952953 157.88325504524
0.930630630630631 156.581130773759
0.931731731731732 155.317344823747
0.932832832832833 154.090464271314
0.933933933933934 152.899068439906
0.935035035035035 151.741754378063
0.936136136136136 150.617142096792
0.937237237237237 149.52387941417
0.938338338338338 148.460646287699
0.93943943943944 147.426158551864
0.940540540540541 146.419171014523
0.941641641641642 145.438479899719
0.942742742742743 144.482924653012
0.943843843843844 143.55138914802
0.944944944944945 142.642802349086
0.946046046046046 141.756138494687
0.947147147147147 140.890416870701
0.948248248248248 140.044701242259
0.949349349349349 139.218099009454
0.950450450450451 138.409760146034
0.951551551551552 137.618875973046
0.952652652652653 136.844677811587
0.953753753753754 136.086435551332
0.954854854854855 135.343456164499
0.955955955955956 134.615082188963
0.957057057057057 133.900690199188
0.958158158158158 133.199689279606
0.959259259259259 132.511519511891
0.96036036036036 131.835650485271
0.961461461461461 131.171579837128
0.962562562562563 130.518831829796
0.963663663663664 129.876955968337
0.964764764764765 129.245525663322
0.965865865865866 128.624136941529
0.966966966966967 128.012407207201
0.968068068068068 127.409974055396
0.969169169169169 126.816494138537
0.97027027027027 126.231642086595
0.971371371371372 125.655109480784
0.972472472472473 125.086603880046
0.973573573573574 124.52584789936
0.974674674674675 123.972578338343
0.975775775775776 123.42654535846
0.976876876876877 122.887511706993
0.977977977977978 122.355251985619
0.979079079079079 121.829551961631
0.98018018018018 121.31020791954
0.981281281281281 120.797026051093
0.982382382382382 120.289821881588
0.983483483483484 119.788419730475
0.984584584584585 119.292652204481
0.985685685685686 118.802359721259
0.986786786786787 118.31739006201
0.987887887887888 117.837597951308
0.988988988988989 117.362844662641
0.99009009009009 116.892997648156
0.991191191191191 116.427930191196
0.992292292292292 115.967521080271
0.993393393393393 115.511654303225
0.994494494494495 115.06021876035
0.995595595595596 114.613107995273
0.996696696696697 114.170219942565
0.997797797797798 113.731456690993
0.998898898898899 113.29672426141
1 112.865932398389
