-0.1 37.4816277401904
-0.0988988988988989 37.7226547537222
-0.0977977977977978 37.9661416785148
-0.0966966966966967 38.2121232747891
-0.0955955955955956 38.4606349327311
-0.0944944944944945 38.7117126864317
-0.0933933933933934 38.9653932282116
-0.0922922922922923 39.2217139233037
-0.0911911911911912 39.4807128249374
-0.0900900900900901 39.7424286898086
-0.088988988988989 40.0069009939722
-0.0878878878878879 40.274169949157
-0.0867867867867868 40.5442765195088
-0.0856856856856857 40.8172624387996
-0.0845845845845846 41.0931702280874
-0.0834834834834835 41.3720432138585
-0.0823823823823824 41.6539255466758
-0.0812812812812813 41.9388622203129
-0.0801801801801802 42.22689909144
-0.0790790790790791 42.5180828998389
-0.077977977977978 42.8124612891702
-0.0768768768768769 43.1100828283452
-0.0757757757757758 43.4109970334533
-0.0746746746746747 43.7152543903415
-0.0735735735735736 44.0229063778171
-0.0724724724724725 44.3340054914887
-0.0713713713713714 44.6486052683259
-0.0702702702702703 44.9667603118552
-0.0691691691691692 45.2885263181552
-0.0680680680680681 45.6139601025277
-0.066966966966967 45.9431196269868
-0.0658658658658659 46.2760640285214
-0.0647647647647648 46.6128536481878
-0.0636636636636637 46.9535500610607
-0.0625625625625626 47.2982161070459
-0.0614614614614615 47.6469159226152
-0.0603603603603604 47.9997149734894
-0.0592592592592593 48.3566800882711
-0.0581581581581582 48.7178794931041
-0.0570570570570571 49.0833828473674
-0.055955955955956 49.4532612804306
-0.0548548548548549 49.8275874295613
-0.0537537537537538 50.2064354789439
-0.0526526526526527 50.5898811999041
-0.0515515515515516 50.9780019923974
-0.0504504504504505 51.3708769277338
-0.0493493493493493 51.768586792663
-0.0482482482482482 52.1712141347964
-0.0471471471471471 52.5788433095055
-0.046046046046046 52.9915605282099
-0.0449449449449449 53.4094539082955
-0.0438438438438438 53.8326135245204
-0.0427427427427427 54.2611314621098
-0.0416416416416416 54.6951018715508
-0.0405405405405405 55.1346210251259
-0.0394394394394394 55.579787375297
-0.0383383383383383 56.0307016149768
-0.0372372372372372 56.4874667397649
-0.0361361361361361 56.9501881122266
-0.035035035035035 57.4189735282946
-0.0339339339339339 57.8939332858668
-0.0328328328328328 58.3751802556844
-0.0317317317317317 58.8628299545842
-0.0306306306306306 59.3570006212022
-0.0295295295295295 59.8578132942636
-0.0284284284284284 60.3653918934835
-0.0273273273273273 60.8798633032747
-0.0262262262262262 61.4013574592812
-0.0251251251251251 61.9300074379415
-0.024024024024024 62.4659495491066
-0.0229229229229229 63.0093234319106
-0.0218218218218218 63.5602721539901
-0.0207207207207207 64.1189423141918
-0.0196196196196196 64.6854841488898
-0.0185185185185185 65.2600516421379
-0.0174174174174174 65.8428026396805
-0.0163163163163163 66.4338989671096
-0.0152152152152152 67.0335065522748
-0.0141141141141141 67.6417955521362
-0.013013013013013 68.2589404842281
-0.0119119119119119 68.8851203629553
-0.0108108108108108 69.5205188409267
-0.0097097097097097 70.1653243555154
-0.00860860860860861 70.8197302808707
-0.0075075075075075 71.4839350856495
-0.00640640640640641 72.1581424966763
-0.00530530530530531 72.8425616688077
-0.0042042042042042 73.5374073612598
-0.00310310310310311 74.2429001207199
-0.002002002002002 74.9592664714561
-0.000900900900900906 75.6867391128578
0.000200200200200201 76.4255571246272
0.00130130130130131 77.1759661800128
0.0024024024024024 77.938218767471
0.00350350350350351 78.7125744210866
0.0046046046046046 79.4992999601835
0.00570570570570571 80.2986697385528
0.00680680680680681 81.1109659037088
0.00790790790790791 81.9364786666738
0.00900900900900901 82.7755065827875
0.0101101101101101 83.6283568439797
0.0112112112112112 84.4953455831836
0.0123123123123123 85.3767981913248
0.0134134134134134 86.2730496476257
0.0145145145145145 87.1844448637097
0.0156156156156156 88.1113390423169
0.0167167167167167 89.0540980512616
0.0178178178178178 90.0130988133947
0.0189189189189189 90.988729713373
0.02002002002002 91.9813910220426
0.0211211211211211 92.9914953393314
0.0222222222222222 94.0194680565953
0.0233233233233233 95.0657478393591
0.0244244244244244 96.1307871315186
0.0255255255255255 97.2150526820914
0.0266266266266266 98.3190260956936
0.0277277277277277 99.4432044079232
0.0288288288288288 100.588100687014
0.0299299299299299 101.754244663048
0.031031031031031 102.942183386321
0.0321321321321321 104.15248191622
0.0332332332332332 105.385724042443
0.0343343343343343 106.642513040129
0.0354354354354355 107.923472460847
0.0365365365365365 109.229246961383
0.0376376376376376 110.5605031723
0.0387387387387387 111.917930608665
0.0398398398398399 113.302242625053
0.0409409409409409 114.714177417507
0.042042042042042 116.154499075001
0.0431431431431432 117.623998683195
0.0442442442442443 119.123495483575
0.0453453453453453 120.653838091075
0.0464464464464464 122.215905773575
0.0475475475475476 123.810609796969
0.0486486486486487 125.43889483952
0.0497497497497497 127.101740479772
0.0508508508508509 128.800162762246
0.051951951951952 130.5352158457
0.0530530530530531 132.307993738891
0.0541541541541542 134.119632129177
0.0552552552552553 135.971310309704
0.0563563563563564 137.864253211186
0.0574574574574575 139.799733544879
0.0585585585585586 141.77907406366
0.0596596596596597 143.803649948719
0.0607607607607608 145.874891329817
0.0618618618618619 147.994285947747
0.062962962962963 150.163381968114
0.0640640640640641 152.383790956328
0.0651651651651652 154.657191024411
0.0662662662662663 156.985330160956
0.0673673673673674 159.370029756398
0.0684684684684685 161.813188336822
0.0695695695695696 164.316785520333
0.0706706706706707 166.882886211216
0.0717717717717718 169.513645048183
0.0728728728728729 172.211311124391
0.073973973973974 174.978232998158
0.0750750750750751 177.816864014835
0.0761761761761762 180.729767961972
0.0772772772772773 183.719625081492
0.0783783783783784 186.789238464846
0.0794794794794795 189.941540858696
0.0805805805805806 193.179601911448
0.0816816816816817 196.506635893009
0.0827827827827828 199.926009923249
0.0838838838838839 203.441252747002
0.084984984984985 207.056064097369
0.0860860860860861 210.774324691862
0.0871871871871872 214.600106910283
0.0882882882882883 218.537686207116
0.0893893893893894 222.59155331588
0.0904904904904905 226.766427307784
0.0915915915915916 231.067269572676
0.0926926926926927 235.499298795957
0.0937937937937938 240.068007012157
0.0948948948948949 244.77917682232
0.095995995995996 249.638899871202
0.0970970970970971 254.653596687857
0.0981981981981982 259.830038003531
0.0992992992992993 265.175367670699
0.1004004004004 270.697127318693
0.101501501501502 276.403282893709
0.102602602602603 282.302253245018
0.103703703703704 288.402940934093
0.104804804804805 294.714765459989
0.105905905905906 301.247699112624
0.107007007007007 308.01230568532
0.108108108108108 315.019782300307
0.109209209209209 322.282004624397
0.11031031031031 329.811575778775
0.111411411411411 337.621879275205
0.112512512512513 345.727136342812
0.113613613613614 354.142468043555
0.114714714714715 362.883962611916
0.115815815815816 371.968748494909
0.116916916916917 381.415073612299
0.118018018018018 391.242391404016
0.119119119119119 401.471454282869
0.12022022022022 412.124415164146
0.121321321321321 423.22493780158
0.122422422422422 434.798316718142
0.123523523523524 446.87160758337
0.124624624624625 459.47376895106
0.125725725725726 472.635816334267
0.126826826826827 486.390989655437
0.127927927927928 500.774935163966
0.129029029029029 515.825902960603
0.13013013013013 531.584961300214
0.131231231231231 548.096228856378
0.132332332332332 565.407126114266
0.133433433433433 583.568647000335
0.134534534534535 602.635651745694
0.135635635635636 622.667181794689
0.136736736736737 643.726797289995
0.137837837837838 665.882937261103
0.138938938938939 689.209302080204
0.14004004004004 713.785256984052
0.141141141141141 739.69625444493
0.142242242242242 767.034271842326
0.143343343343343 795.898259175504
0.144444444444444 826.394589383762
0.145545545545546 858.637501115281
0.146646646646647 892.749520423061
0.147747747747748 928.861843764755
0.148848848848849 967.114659763248
0.14994994994995 1007.6573813747
0.151051051051051 1050.64875337439
0.152152152152152 1096.25679242391
0.153253253253253 1144.65850851249
0.154354354354354 1196.03934746521
0.155455455455455 1250.59228480354
0.156556556556557 1308.51649202129
0.157657657657658 1370.01548798769
0.158758758758759 1435.29468161748
0.15985985985986 1504.55820828973
0.160960960960961 1578.00496311935
0.162062062062062 1655.82374063216
0.163163163163163 1738.18740432461
0.164264264264264 1825.24603267791
0.165365365365365 1917.11902192486
0.166466466466466 2013.88617139404
0.167567567567568 2115.57783508769
0.168668668668669 2222.1642929577
0.16976976976977 2333.54457563233
0.170870870870871 2449.5350642889
0.171971971971972 2569.85827861847
0.173073073073073 2694.13235451146
0.174174174174174 2821.86179195034
0.175275275275275 2952.43011430493
0.176376376376376 3085.0951139319
0.177477477477477 3218.98735710391
0.178578578578579 3353.11257628964
0.17967967967968 3486.35848438459
0.180780780780781 3617.50640132235
0.181881881881882 3745.24789032695
0.182982982982983 3868.20636507985
0.184084084084084 3984.96336123466
0.185185185185185 4094.08888138281
0.186286286286286 4194.1749406987
0.187387387387387 4283.8711823159
0.188488488488489 4361.92121869057
0.18958958958959 4427.19820795485
0.190690690690691 4478.73810905768
0.191791791791792 4515.76908727642
0.192892892892893 4537.73566635851
0.193993993993994 4544.31644117669
0.195095095095095 4535.43446339027
0.196196196196196 4511.25977319534
0.197297297297297 4472.20394809378
0.198398398398398 4418.90694664258
0.199499499499499 4352.21691244125
0.200600600600601 4273.16394401316
0.201701701701702 4182.92910695353
0.202802802802803 4082.81014911997
0.203903903903904 3974.18546874572
0.205005005005005 3858.47787808596
0.206106106106106 3737.1196082436
0.207207207207207 3611.519827305
0.208308308308308 3483.03571197126
0.209409409409409 3352.94784344201
0.210510510510511 3222.44041314877
0.211611611611612 3092.58644363318
0.212712712712713 2964.33797217501
0.213813813813814 2838.52092350421
0.214914914914915 2715.83422231399
0.216016016016016 2596.85257079898
0.217117117117117 2482.03224128487
0.218218218218218 2371.71920561725
0.219319319319319 2266.15893514824
0.22042042042042 2165.50724981778
0.221521521521522 2069.84166323533
0.222622622622623 1979.17275405468
0.223723723723724 1893.45518434731
0.224824824824825 1812.59807631635
0.225925925925926 1736.4745442515
0.227027027027027 1664.93025532165
0.228128128128128 1597.79095831339
0.229229229229229 1534.86897273358
0.23033033033033 1475.96867178017
0.231431431431431 1420.89102236598
0.232532532532533 1369.43726491211
0.233633633633634 1321.41182662541
0.234734734734735 1276.62456610021
0.235835835835836 1234.89244597148
0.236936936936937 1196.04072548374
0.238038038038038 1159.90375750867
0.239139139139139 1126.32546579129
0.24024024024024 1095.15956886482
0.241341341341341 1066.26960774867
0.242442442442442 1039.52882566546
0.243543543543544 1014.81993985024
0.244644644644645 992.034838231195
0.245745745745746 971.074227391208
0.246846846846847 951.847252771596
0.247947947947948 934.271107499669
0.249049049049049 918.270642434535
0.25015015015015 903.777986942345
0.251251251251251 890.732187439306
0.252352352352352 879.078868784709
0.253453453453453 868.769922086401
0.254554554554555 859.763221316232
0.255655655655656 852.022370262015
0.256756756756757 845.516480701194
0.257857857857858 840.21998222655
0.258958958958959 836.11246384132
0.26006006006006 833.178547236522
0.261161161161161 831.407791536149
0.262262262262262 830.794629226125
0.263363363363363 831.33833294152
0.264464464464464 833.043012759997
0.265565565565566 835.917643615695
0.266666666666667 839.976122389471
0.267767767767768 845.237354126933
0.268868868868869 851.725366666478
0.26996996996997 859.469452697481
0.271071071071071 868.504337888719
0.272172172172172 878.87037319435
0.273273273273273 890.613748721059
0.274374374374374 903.786725584149
0.275475475475475 918.44788094011
0.276576576576577 934.662359805415
0.277677677677678 952.502125297761
0.278778778778779 972.046196507079
0.27987987987988 993.380860259829
0.280980980980981 1016.59983953459
0.282082082082082 1041.80439718607
0.283183183183183 1069.10334892706
0.284284284284284 1098.61295424413
0.285385385385385 1130.45664816089
0.286486486486487 1164.76457068189
0.287587587587588 1201.67284460044
0.288688688688689 1241.32254650019
0.28978978978979 1283.85831072604
0.290890890890891 1329.42650247316
0.291991991991992 1378.17289473291
0.293093093093093 1430.23978555181
0.294194194194194 1485.76249791926
0.295295295295295 1544.86521567141
0.296396396396396 1607.6561261121
0.297497497497498 1674.22186450717
0.298598598598599 1744.62128782488
0.2996996996997 1818.87864526845
0.300800800800801 1896.97626086884
0.301901901901902 1978.84689752902
0.303003003003003 2064.36603038451
0.304104104104104 2153.34431715437
0.305205205205205 2245.52061035113
0.306306306306306 2340.5559059268
0.307407407407407 2438.02865972133
0.308508508508509 2537.43192119114
0.30960960960961 2638.1727278063
0.310710710710711 2739.57416848928
0.311811811811812 2840.88045721106
0.312912912912913 2941.26525713521
0.314014014014014 3039.84336282976
0.315115115115115 3135.6856873785
0.316216216216216 3227.83732007985
0.317317317317317 3315.33822908749
0.318418418418418 3397.24599444523
0.31951951951952 3472.65978458547
0.320620620620621 3540.74464795144
0.321721721721722 3600.75509446625
0.322822822822823 3652.05690022293
0.323923923923924 3694.14609058496
0.325025025025025 3726.66414481146
0.326126126126126 3749.40861712245
0.327227227227227 3762.3385772719
0.328328328328328 3765.57452581911
0.329429429429429 3759.39271908128
0.330530530530531 3744.21412737219
0.331631631631632 3720.58852781873
0.332732732732733 3689.17448086991
0.333833833833834 3650.71614108197
0.334934934934935 3606.01799522567
0.336036036036036 3555.9186962907
0.337137137137137 3501.26516790219
0.338238238238238 3442.88809245162
0.339339339339339 3381.57977500264
0.34044044044044 3318.0752045738
0.341541541541542 3253.03692814197
0.342642642642643 3187.0441254163
0.343743743743744 3120.58603899848
0.344844844844845 3054.05968895882
0.345945945945946 2987.77159534636
0.347047047047047 2921.94305663357
0.348148148148148 2856.7183937825
0.349249249249249 2792.17547303244
0.35035035035035 2728.33776742546
0.351451451451452 2665.18720687729
0.352552552552553 2602.67709640986
0.353653653653654 2540.74444732979
0.354754754754755 2479.32116052693
0.355855855855856 2418.34361744114
0.356956956956957 2357.7603647091
0.358058058058058 2297.53771485005
0.359159159159159 2237.66321955252
0.36026026026026 2178.14709670927
0.361361361361361 2119.02180080377
0.362462462462462 2060.3400134084
0.363563563563564 2002.17139280644
0.364664664664665 1944.59845730965
0.365765765765766 1887.71198568428
0.366866866866867 1831.60630199973
0.367967967967968 1776.37477444874
0.369069069069069 1722.10580274803
0.37017017017017 1668.87950195388
0.371271271271271 1616.76521759168
0.372372372372372 1565.81993353538
0.373473473473473 1516.08756521
0.374574574574575 1467.59907073959
0.375675675675676 1420.37326483562
0.376776776776777 1374.4181865252
0.377877877877878 1329.73285298103
0.378978978978979 1286.30922729644
0.38008008008008 1244.13423656005
0.381181181181181 1203.19169576086
0.382282282282282 1163.46402008059
0.383383383383383 1124.93363995231
0.384484484484484 1087.58406685554
0.385585585585586 1051.40059040546
0.386686686686687 1016.37061657046
0.387787787787788 982.483681078774
0.388888888888889 949.731190167966
0.38998998998999 918.105952341934
0.391091091091091 887.601569875234
0.392192192192192 858.211758071383
0.393293293293293 829.929654741938
0.394394394394394 802.747173232555
0.395495495495496 776.654440887407
0.396596596596597 751.639352364932
0.397697697697698 727.687254819082
0.398798798798799 704.780770544041
0.3998998998999 682.899752913659
0.401001001001001 662.021363725585
0.402102102102102 642.120254557706
0.403203203203203 623.168831411779
0.404304304304304 605.137580557248
0.405405405405405 587.995433789889
0.406506506506507 571.710152910022
0.407607607607608 556.248715724674
0.408708708708709 541.577688916976
0.40980980980981 527.663576386847
0.410910910910911 514.473134886005
0.412012012012012 501.973651753475
0.413113113113113 490.133182174576
0.414214214214214 478.920745561287
0.415315315315315 468.306482365956
0.416416416416416 458.261773901447
0.417517517517518 448.759328593162
0.418618618618619 439.773238585238
0.41971971971972 431.27901082928
0.420820820820821 423.253576763466
0.421921921921922 415.67528450216
0.423023023023023 408.523877157504
0.424124124124124 401.780460545765
0.425225225225225 395.42746313321
0.426326326326326 389.448590671983
0.427427427427427 383.828777589582
0.428528528528529 378.554136835663
0.42962962962963 373.611909567356
0.430730730730731 368.990415772005
0.431831831831832 364.679006683387
0.432932932932933 360.668019644839
0.434034034034034 356.948735906074
0.435135135135135 353.513341705805
0.436236236236236 350.354892886839
0.437337337337337 347.467283209138
0.438438438438439 344.845216466362
0.43953953953954 342.484182468237
0.440640640640641 340.380436923492
0.441741741741742 338.530985239996
0.442842842842843 336.933570253611
0.443943943943944 335.586663895093
0.445045045045045 334.489462813177
0.446146146146146 333.641887980538
0.447247247247247 333.044588325812
0.448348348348348 332.698948450389
0.44944944944945 332.607100508211
0.450550550550551 332.771940346312
0.451651651651652 333.197148024008
0.452752752752753 333.887212847276
0.453853853853854 334.847463073674
0.454954954954955 336.084100456934
0.456056056056056 337.604239812106
0.457157157157157 339.415953787176
0.458258258258258 341.528323023853
0.459359359359359 343.951491877527
0.460460460460461 346.696729838844
0.461561561561562 349.77649875428
0.462662662662663 353.204525875531
0.463763763763764 356.995882670674
0.464864864864865 361.167069198357
0.465965965965966 365.736103670336
0.467067067067067 370.722616599357
0.468168168168168 376.147948638645
0.469269269269269 382.035250854888
0.47037037037037 388.409585727796
0.471471471471472 395.298026627868
0.472572572572573 402.729752877026
0.473673673673674 410.736136743273
0.474774774774775 419.350817855956
0.475875875875876 428.609759558913
0.476976976976977 438.551280659681
0.478078078078078 449.216054908603
0.479179179179179 460.64706939077
0.48028028028028 472.889531892636
0.481381381381381 485.990716282562
0.482482482482483 499.999734110185
0.483583583583584 514.967220085105
0.484684684684685 530.944918956466
0.485785785785786 547.985161697047
0.486886886886887 566.140219919253
0.487987987987988 585.461529209303
0.489089089089089 605.998774638541
0.49019019019019 627.798835124038
0.491291291291291 650.904587543589
0.492392392392392 675.353576477435
0.493493493493494 701.176560992929
0.494594594594595 728.395955795196
0.495695695695696 757.024190049102
0.496796796796797 787.062012940289
0.497897897897898 818.496780249667
0.498998998998999 851.300760590385
0.5001001001001 885.429503260797
0.501201201201201 920.820311777279
0.502302302302302 957.390868059527
0.503403403403404 995.038052064836
0.504504504504505 1033.63700065756
0.505605605605606 1073.04044796895
0.506706706706707 1113.07838780346
0.507807807807808 1153.5580970756
0.508908908908909 1194.26455796616
0.51001001001001 1234.96131542096
0.511111111111111 1275.3918054394
0.512212212212212 1315.28118769362
0.513313313313313 1354.33871249488
0.514414414414414 1392.26064591463
0.515515515515516 1428.73376687201
0.516616616616617 1463.43943526037
0.517717717717718 1496.05821010065
0.518818818818819 1526.27497122292
0.51991991991992 1553.78446774888
0.521021021021021 1578.29718312206
0.522122122122122 1599.54537183737
0.523223223223223 1617.28909023746
0.524324324324324 1631.32201605827
0.525425425425425 1641.47683218973
0.526526526526527 1647.62994244003
0.527627627627628 1649.70529330342
0.528728728728729 1647.67709714545
0.52982982982983 1641.5712888257
0.530930930930931 1631.465598139
0.532032032032032 1617.48818177131
0.533133133133133 1599.81482673149
0.534234234234234 1578.6648076526
0.535335335335335 1554.29554778591
0.536436436436436 1526.99629292433
0.537537537537538 1497.0810545299
0.538638638638639 1464.88110966847
0.53973973973974 1430.73735903103
0.540840840840841 1394.99283987308
0.541941941941942 1357.98566915133
0.543043043043043 1320.04265581161
0.544144144144144 1281.47377342839
0.545245245245245 1242.56762920967
0.546346346346346 1203.58800700664
0.547447447447448 1164.77150449965
0.548548548548549 1126.32623180522
0.54964964964965 1088.43149326258
0.550750750750751 1051.23833815302
0.551851851851852 1014.87084069079
0.552952952952953 979.427955023864
0.554054054054054 944.985786654225
0.555155155155155 911.600126453446
0.556256256256256 879.309105707531
0.557357357357357 848.135848516759
0.558458458458459 818.091019462913
0.55955955955956 789.175187870615
0.560660660660661 761.380953548909
0.561761761761762 734.694801188174
0.562862862862863 709.098670506981
0.563963963963964 684.571246029198
0.565065065065065 661.088983592562
0.566166166166166 638.626900209243
0.567267267267267 617.159159852304
0.568368368368368 596.659490462496
0.56946946946947 577.101467451962
0.570570570570571 558.458696802487
0.571671671671672 540.704927137521
0.572772772772773 523.8141154872
0.573873873873874 507.760466414091
0.574974974974975 492.518459176929
0.576076076076076 478.062873037993
0.577177177177177 464.368816899447
0.578278278278278 451.411766318323
0.579379379379379 439.167608628316
0.580480480480481 427.612695344171
0.581581581581582 416.723900138848
0.582682682682683 406.478680332085
0.583783783783784 396.8551398626
0.584884884884885 387.832091997746
0.585985985985986 379.389120439724
0.587087087087087 371.506637922003
0.588188188188188 364.165941786168
0.589289289289289 357.349266347827
0.59039039039039 351.039832086789
0.591491491491492 345.221891831372
0.592592592592593 339.880774164948
0.593693693693694 335.002924283457
0.594794794794795 330.575942495154
0.595895895895896 326.588620497377
0.596996996996997 323.030975498984
0.598098098098098 319.89428219102
0.599199199199199 317.171102499248
0.6003003003003 314.855312979831
0.601401401401402 312.942129633049
0.602502502502503 311.428129802439
0.603603603603604 310.311270687523
0.604704704704705 309.590903818033
0.605805805805806 309.267784610723
0.606906906906907 309.344075851199
0.608008008008008 309.823343613437
0.609109109109109 310.710543753364
0.61021021021021 312.01199669828
0.611311311311311 313.735347819079
0.612412412412413 315.889510236617
0.613513513513514 318.484586509507
0.614614614614615 321.531765313617
0.615715715715716 325.043188999481
0.616816816816817 329.031787853683
0.617917917917918 333.511077051617
0.619019019019019 338.494912730661
0.62012012012012 343.997204391135
0.621221221221221 350.031581999768
0.622322322322322 356.611017759829
0.623423423423423 363.747404540671
0.624524524524525 371.451095411319
0.625625625625626 379.730411544584
0.626726726726727 388.591128855526
0.627827827827828 398.0359569688
0.628928928928929 408.064027279759
0.63003003003003 418.670409756479
0.631131131131131 429.845680456123
0.632232232232232 441.575563219567
0.633333333333333 453.840669390998
0.634434434434434 466.616358440599
0.635535535535536 479.872739869238
0.636636636636637 493.574832656247
0.637737737737738 507.682892795267
0.638838838838839 522.152912312325
0.63993993993994 536.93728486504
0.641041041041041 551.985624015247
0.642142142142142 567.245711091323
0.643243243243243 582.664540822616
0.644344344344344 598.189425287884
0.645445445445445 613.769110781921
0.646546546546547 629.354858499848
0.647647647647648 644.901438851992
0.648748748748749 660.367990951525
0.64984984984985 675.718703352611
0.650950950950951 690.923279232469
0.652052052052052 705.957158486768
0.653153153153153 720.801480071296
0.654254254254254 735.442779707407
0.655355355355355 749.872430080425
0.656456456456457 764.085842243066
0.657557557557558 778.081457535438
0.658658658658659 791.859568522532
0.65975975975976 805.421014960973
0.660860860860861 818.76580650683
0.661961961961962 831.891727741012
0.663063063063063 844.792983169992
0.664164164164164 857.458940200778
0.665265265265265 869.873026726438
0.666366366366366 882.011836852743
0.667467467467468 893.844493348876
0.668568568568569 905.332308477825
0.66966966966967 916.428775816201
0.670770770770771 927.079914440236
0.671871871871872 937.224973496994
0.672972972972973 946.797489958103
0.674074074074074 955.726675768222
0.675175175175175 963.939093397292
0.676276276276276 971.360561956409
0.677377377377377 977.918220680396
0.678478478478479 983.542663922508
0.67957957957958 988.170053011745
0.680680680680681 991.744106396113
0.681781781781782 994.217871157453
0.682882882882883 995.555186581258
0.683983983983984 995.731763916808
0.685085085085085 994.735825211914
0.686186186186186 992.56826716515
0.687287287287287 989.242341930471
0.688388388388388 984.782874063911
0.68948948948949 979.225059491339
0.690590590590591 972.612916634823
0.691691691691692 964.997479918923
0.692792792792793 956.434840298093
0.693893893893894 946.984145097857
0.694994994994995 936.705669710416
0.696096096096096 925.659066446092
0.697197197197197 913.901881587768
0.698298298298298 901.488411436676
0.699399399399399 888.468943362497
0.700500500500501 874.889400416412
0.701601601601602 860.79137999932
0.702702702702703 846.212550494256
0.703803803803804 831.187346655839
0.704904904904905 815.747886571051
0.706006006006006 799.925021399245
0.707107107107107 783.749424551278
0.708208208208208 767.25262956203
0.709309309309309 750.46793513894
0.710410410410411 733.431110684673
0.711511511511512 716.180854532752
0.712612612612613 698.758978454534
0.713713713713714 681.210313862123
0.714814814814815 663.582355768149
0.715915915915916 645.92467842848
0.717017017017017 628.288170502949
0.718118118118118 610.724146756056
0.719219219219219 593.283397500377
0.72032032032032 576.015236312028
0.721421421421422 558.966601566442
0.722522522522523 542.181258901088
0.723623623623624 525.699140842406
0.724724724724725 509.555847647068
0.725825825825826 493.782320980078
0.726926926926927 478.404690338577
0.728028028028028 463.444281897791
0.729129129129129 448.917771248712
0.73023023023023 434.837455618146
0.731331331331331 421.211617695115
0.732432432432433 408.044952015617
0.733533533533534 395.33902571555
0.734634634634635 383.09274797095
0.735735735735736 371.302826176201
0.736836836836837 359.964191409915
0.737937937937938 349.070380578761
0.739039039039039 338.61386742721
0.74014014014014 328.586339043998
0.741241241241241 318.978918344377
0.742342342342342 309.782336108894
0.743443443443443 300.987058434186
0.744544544544545 292.583376894105
0.745645645645646 284.561469371949
0.746746746746747 276.91143950527
0.747847847847848 269.623342113244
0.748948948948949 262.687200998884
0.75005005005005 256.0930242862
0.751151151151151 249.830821105773
0.752252252252252 243.890622107841
0.753353353353353 238.262505058161
0.754454454454455 232.936625734169
0.755555555555556 227.903253528446
0.756656656656657 223.152810603087
0.757757757757758 218.67591311436
0.758858858858859 214.46341291744
0.75995995995996 210.506438229029
0.761061061061061 206.796431926525
0.762162162162162 203.325186448751
0.763263263263263 200.084874593274
0.764364364364365 197.06807583941
0.765465465465466 194.267798136139
0.766566566566567 191.67749535819
0.767667667667668 189.291080840781
0.768768768768769 187.102937548978
0.76986986986987 185.107925523714
0.770970970970971 183.301387280632
0.772072072072072 181.679151828981
0.773173173173173 180.237537937318
0.774274274274274 178.973357211872
0.775375375375375 177.883917481282
0.776476476476477 176.967026906857
0.777577577577578 176.220999166591
0.778678678678679 175.64465999745
0.77977977977978 175.23735532712
0.780880880880881 174.998961182732
0.781981981981982 174.92989553038
0.783083083083083 175.031132173217
0.784184184184184 175.304216814925
0.785285285285285 175.751285376945
0.786386386386386 176.375084638493
0.787487487487488 177.178995244862
0.788588588588589 178.167057098243
0.78968968968969 179.343997102863
0.790790790790791 180.715259178619
0.791891891891892 182.287036380813
0.792992992992993 184.066304864156
0.794094094094094 186.060859302066
0.795195195195195 188.279349213921
0.796296296296296 190.731315458486
0.797397397397397 193.427225918005
0.798498498498499 196.378509121409
0.7995995995996 199.597584235276
0.800700700700701 203.097885488888
0.801801801801802 206.893878698411
0.802902902902903 211.001067123319
0.804004004004004 215.435983438549
0.805105105105105 220.216164158204
0.806206206206206 225.360102426389
0.807307307307307 230.887174732139
0.808408408408408 236.817536848568
0.80950950950951 243.171984188324
0.810610610610611 249.9717718597
0.811711711711712 257.238390052624
0.812812812812813 264.993291031229
0.813913913913914 273.257565000948
0.815015015015015 282.051563480184
0.816116116116116 291.394470544729
0.817217217217217 301.303824405338
0.818318318318318 311.794994169553
0.81941941941942 322.880619236584
0.820520520520521 334.570021450579
0.821621621621622 346.868602732713
0.822722722722723 359.777243242097
0.823823823823824 373.291716984686
0.824924924924925 387.402143010914
0.826026026026026 402.092490755771
0.827127127127127 417.340157567412
0.828228228228228 433.115634996979
0.829329329329329 449.382278020193
0.830430430430431 466.096188155705
0.831531531531532 483.206217647955
0.832632632632633 500.654097776075
0.833733733733734 518.374690265039
0.834834834834835 536.296357052748
0.835935935935936 554.341440620978
0.837037037037037 572.426844974391
0.838138138138138 590.464706289796
0.839239239239239 608.363142266199
0.84034034034034 626.027070150857
0.841441441441442 643.359085030156
0.842542542542543 660.260391879603
0.843643643643644 676.631786626949
0.844744744744745 692.374682648147
0.845845845845846 707.392179296773
0.846946946946947 721.59016798521
0.848048048048048 734.878468872818
0.849149149149149 747.171987446295
0.85025025025025 758.391875468312
0.851351351351351 768.466675366414
0.852452452452452 777.33342171024
0.853553553553554 784.938668625961
0.854654654654655 791.239408464262
0.855755755755756 796.203845337726
0.856856856856857 799.811987696661
0.857957957957958 802.056027152486
0.859059059059059 802.940476296739
0.86016016016016 802.482046093703
0.861261261261261 800.709253135476
0.862362362362362 797.661758069062
0.863463463463464 793.389448153568
0.864564564564565 787.95128845042
0.865665665665666 781.413976865519
0.866766766766767 773.850447483396
0.867867867867868 765.338273794367
0.868968968968969 755.958028081852
0.87007007007007 745.791655126384
0.871171171171171 734.92091736945
0.872272272272272 723.42596480388
0.873373373373374 711.384076312993
0.874474474474475 698.868610309226
0.875575575575576 685.94819180236
0.876676676676677 672.686151043048
0.877777777777778 659.140216313254
0.878878878878879 645.362450993062
0.87997997997998 631.399413453273
0.881081081081081 617.292508295226
0.882182182182182 603.078489583059
0.883283283283283 588.790071451468
0.884384384384384 574.456599107029
0.885485485485486 560.104733851389
0.886586586586587 545.759109202213
0.887687687687688 531.44292112528
0.888788788788789 517.17842329462
0.88988988988989 502.987307507363
0.890990990990991 488.890959162798
0.892092092092092 474.910587327074
0.893193193193193 461.067237657037
0.894294294294294 447.381703770678
0.895395395395395 433.874358106141
0.896496496496497 420.564926665228
0.897597597597598 407.472233241162
0.898698698698699 394.613937911311
0.8997997997998 382.00629201465
0.900900900900901 369.663927922462
0.902002002002002 357.59969711031
0.903103103103103 345.824564828899
0.904204204204204 334.347564508609
0.905305305305305 323.175810313029
0.906406406406406 312.314562291771
0.907507507507508 301.76733557965
0.908608608608609 291.536043150687
0.90970970970971 281.621160762889
0.910810810810811 272.021902838754
0.911911911911912 262.736398964325
0.913013013013013 253.761862260532
0.914114114114114 245.094742864103
0.915215215215215 236.730861933443
0.916316316316316 228.665523764372
0.917417417417418 220.893605592659
0.918518518518519 213.409626344472
0.91961961961962 206.207796889629
0.920720720720721 199.282055216024
0.921821821821822 192.626090380875
0.922922922922923 186.233359142088
0.924024024024024 180.097098894749
0.925125125125125 174.210340013199
0.926226226226226 168.565920015067
0.927327327327327 163.156501204799
0.928428428428428 157.974592697482
0.92952952952953 153.012577031363
0.930630630630631 148.262740995667
0.931731731731732 143.717309857217
0.932832832832833 139.368483875807
0.933933933933934 135.208475850982
0.935035035035035 131.229548425924
0.936136136136136 127.424049964173
0.937237237237237 123.78444798376
0.938338338338338 120.303359351861
0.93943943943944 116.973576683956
0.940540540540541 113.788090631049
0.941641641641642 110.740107958359
0.942742742742743 107.82306550609
0.943843843843844 105.030640270345
0.944944944944945 102.356755947368
0.946046046046046 99.7955863490408
0.947147147147147 97.3415561263311
0.948248248248248 94.9893392367665
0.949349349349349 92.7338555692099
0.950450450450451 90.5702661015262
0.951551551551552 88.4939669204933
0.952652652652653 86.5005823843717
0.953753753753754 84.5859576606943
0.954854854854855 82.7461508281976
0.955955955955956 80.9774246940288
0.957057057057057 79.276238445928
0.958158158158158 77.6392392340602
0.959259259259259 76.0632537578017
0.96036036036036 74.5452799181068
0.961461461461461 73.0824785850773
0.962562562562563 71.6721655220104
0.963663663663664 70.3118035005797
0.964764764764765 68.998994636235
0.965865865865866 67.7314729680141
0.966966966966967 66.5070973022398
0.968068068068068 65.3238443350979
0.969169169169169 64.1798020647152
0.97027027027027 63.0731634992339
0.971371371371372 62.002220663437
0.972472472472473 60.9653589030659
0.973573573573574 59.9610514829113
0.974674674674675 58.987854472262
0.975775775775776 58.044401909345
0.976876876876877 57.1294012348932
0.977977977977978 56.2416289840212
0.979079079079079 55.3799267249863
0.98018018018018 54.5431972331605
0.981281281281281 53.7304008885674
0.982382382382382 52.9405522855174
0.983483483483484 52.1727170432186
0.984584584584585 51.4260088066486
0.985685685685686 50.6995864274221
0.986786786786787 49.9926513148378
0.987887887887888 49.3044449477332
0.988988988988989 48.6342465382416
0.99009009009009 47.981370838894
0.991191191191191 47.3451660849516
0.992292292292292 46.7250120641717
0.993393393393393 46.1203183065853
0.994494494494495 45.5305223871734
0.995595595595596 44.95508833466
0.996696696696697 44.3935051399635
0.997797797797798 43.8452853581182
0.998898898898899 43.3099637978323
1 42.7870962931028
