-0.1 5.8752745950539 3.7526629142776
-0.095 0.811261450098713 1.88378565657781
-0.09 5.20629604738523 3.0043350315519
-0.085 1.34576283600035 4.69749828259271
-0.08 1.9650946729411 5.34993220859246
-0.075 24.1637838986862 6.34283783942162
-0.07 49.0278949467365 8.65852193701442
-0.065 74.8210396341976 11.2369419746969
-0.06 125.009933708977 12.3839803960738
-0.055 179.441836054459 17.3234058635408
-0.05 138.03015538565 14.8741104631736
-0.045 166.681310712229 13.840173968877
-0.04 177.669812582215 14.5199904137239
-0.035 271.253495572564 17.4731059449773
-0.03 399.053275580412 21.471551339243
-0.025 678.165337061683 27.6041012873533
-0.02 1054.61737087363 34.2851012329479
-0.015 1304.03261535855 37.7672733849618
-0.01 1438.44424310581 39.4285133799499
-0.005 1557.53903433343 47.5996178472685
0 1582.60433871734 46.705080595811
0.00499999999999999 1597.23475404469 40.9420030446773
0.01 1484.45108936098 39.3322080193994
0.015 1207.41000937147 35.3630750661801
0.02 860.158962300371 29.7080811442258
0.025 565.64474190637 23.9500436284596
0.03 365.132999406741 19.5672874876153
0.035 219.767401818449 15.8528894082416
0.04 118.939436756889 11.6535141063856
0.045 62.4935280149272 8.39339652851003
0.05 47.4952867321607 9.0825722382149
0.055 82.6899448045439 10.343006717104
0.06 99.3204905744985 9.84613873720185
0.065 106.307586646316 10.2187009329478
0.07 66.3484916842978 9.35858719398494
0.075 52.5602583164266 8.63877138349383
0.08 60.6394990816285 8.34454223792537
0.085 77.5087874670848 9.12880310611054
0.09 96.2784299641265 10.0858906729497
0.095 119.173900875212 10.4864924161719
0.1 152.104754102848 13.72743049353
0.105 210.000366870662 15.4205672102879
0.11 284.083271929051 15.9790862300368
0.115 345.786504365428 17.503645057017
0.12 366.543602918991 17.9877889377446
0.125 390.354786442248 18.5382225356348
0.13 480.42555963358 20.4480290208177
0.135 565.353861684953 22.1717280375687
0.14 600.081920958206 22.8034711813656
0.145 671.995558247368 23.9866946196348
0.15 792.659292429451 30.0995083661587
0.155 999.967642040355 33.090667929574
0.16 1569.82488866811 36.3920703438051
0.165 2457.68205510635 45.4089098742206
0.17 3441.43054657654 53.5554730374044
0.175 4234.20669557442 59.2056187943732
0.18 4679.19389237545 62.0726929808439
0.185 4897.525887046 63.3200690486019
0.19 5080.86022416309 64.2972764099893
0.195 5114.43081339286 64.3204130226791
0.2 4772.8509912345 70.9038184021928
0.205 4059.78779129076 66.5996695707281
0.21 3080.87943085728 49.6273263802346
0.215 2136.1731887914 41.216302634524
0.22 1450.26275131426 33.9115718957145
0.225 1047.56992711702 28.7952513856736
0.23 791.752332926904 24.9766145278137
0.235 603.001372145571 21.7653991694346
0.24 512.870327035086 20.0326373812816
0.245 461.046272569794 18.9738246359648
0.25 372.423392389027 19.4872796199376
0.255 374.105979185746 19.5083557097768
0.26 452.220876348186 18.649296377835
0.265 454.469998073089 18.6902194592937
0.27 431.555169736216 18.198548536637
0.275 469.984148762113 18.9289045164275
0.28 502.063554566237 19.6161184111684
0.285 565.037707669615 20.732021320679
0.29 652.68993794265 22.2107253545806
0.295 725.266206572405 23.3523927837374
0.3 868.534801744054 29.700510771866
0.305 1038.49881718595 31.5480340352183
0.31 1300.45647937412 31.1116666129475
0.315 1591.3786286207 34.4068302738414
0.32 1860.08069257501 37.1377434303214
0.325 2067.53350788545 39.0921133455331
0.33 2175.11464205887 40.05838573764
0.335 2172.32085937866 39.9826848015229
0.34 2120.87366898421 39.4622650164081
0.345 2093.61479039865 39.1633964799747
0.35 2055.86633545445 44.8518333904283
0.355 1909.43127028883 42.8948551449783
0.36 1693.75772782565 35.1145593589445
0.365 1473.5995045284 32.7136707947933
0.37 1280.10353020632 30.4370359122578
0.375 1141.311459827 28.7053726381695
0.38 1014.41248517887 27.0176724179458
0.385 881.131708488988 25.1821048989111
0.39 748.642203084935 23.1946343897635
0.395 622.623211986479 21.1178692927305
0.4 567.429470965083 23.3396440971955
0.405 436.04938109526 20.750754115259
0.41 328.640781751865 15.3933747118317
0.415 279.872442962208 14.1837483314665
0.42 278.318753066333 14.1132075421642
0.425 260.527920973954 13.5798286036874
0.43 237.910094541239 12.9644375184136
0.435 216.046202791422 12.3194633630877
0.44 182.969152697338 11.3785446555029
0.445 189.938242788226 11.5893372644603
0.45 225.888900239447 12.5824795874025
0.455 227.71966177267 14.246663477821
0.46 211.64246817513 14.0900179300777
0.465 261.925431458065 13.508262832503
0.47 296.657486995503 14.4240028838378
0.475 356.565983000709 15.7887541773079
0.48 422.801897308067 17.1581855323868
0.485 513.067944363754 18.81987885494
0.49 614.821504499493 20.632906413193
0.495 685.953036454703 21.7572996322479
0.5 757.561158457683 22.8429957699794
0.505 828.726757409675 27.3834269252829
0.51 920.088396554928 29.0966240813949
0.515 974.043210553357 25.844882977277
0.52 969.622408270138 25.771220386704
0.525 954.954728346622 25.5617595799849
0.53 900.773453339748 24.7982825904098
0.535 805.326830481521 23.4449896974174
0.54 691.062566557353 21.684323093188
0.545 577.781377080017 19.8605542185887
0.55 521.77955578544 18.8879069606887
0.555 439.652680578022 19.578458062078
0.56 370.371241522218 18.5207050099988
0.565 320.867775848103 14.7685365949698
0.57 275.465772757383 13.6647719748756
0.575 231.998097953619 12.5135708187836
0.58 198.595212255273 11.5849999502891
0.585 199.978556093891 11.6160126076756
0.59 212.138945351357 12.0312838032273
0.595 202.705800920763 11.8472968709024
0.6 201.679065833286 11.7157830897668
0.605 185.726844173278 12.6371360563986
0.61 165.36104285986 12.1141217296093
0.615 208.820104076935 11.8329457408336
0.62 230.270014528873 12.6012574183221
0.625 249.052269318765 13.0170508546362
0.63 256.064410177267 13.1067894484402
0.635 238.427485007718 12.6348814849156
0.64 234.125959984254 12.5185722954353
0.645 280.186225108722 13.6703761172225
0.65 363.550355895654 15.5149563925693
0.655 437.007435282596 19.6418903145378
0.66 442.294344728247 19.6990718551081
0.665 455.937571849326 17.3972498822504
0.67 492.127452081295 18.1028389733572
0.675 548.117641169564 19.0720292499702
0.68 589.752580395425 19.7506973654645
0.685 572.344594396583 19.4434540592086
0.69 531.234568678449 18.7338507449145
0.695 497.01183332002 18.10327190281
0.7 458.8575120602 17.3958436993334
0.705 447.552482576111 19.6903952118636
0.71 401.010397016759 18.8450344388979
0.715 393.919900772788 16.11330986113
0.72 322.529054487448 14.5353387188996
0.725 266.614784328728 13.2723928646368
0.73 232.766581537706 12.3640374285301
0.735 200.703546530219 11.6039778695066
0.74 192.029430965652 11.3790186184518
0.745 189.984881075882 11.2138893452247
0.75 185.457052123703 11.0629428099984
0.755 172.752449252291 12.2198146870142
0.76 171.457710657987 12.2172299593992
0.765 146.005714228969 9.86344580084942
0.77 119.364835326349 8.88253132561141
0.775 126.845556470849 9.09489133746799
0.78 126.340341224839 9.08074122892033
0.785 114.66142174037 8.68507235270159
0.79 124.381219484311 9.05661333413435
0.795 141.099391287052 9.71131453871152
0.8 171.634790518919 10.6545619251654
0.805 224.760731773666 13.9483076551583
0.81 215.722230341829 13.5044914513739
0.815 221.872629366339 12.0326594290933
0.82 206.544038739548 11.5982034332766
0.825 230.078558206224 12.1909854822408
0.83 262.354496524941 13.0253846262704
0.835 264.273153036661 13.1695117323204
0.84 278.179137937955 13.5041974223821
0.845 304.464936250176 14.0311323714201
0.85 320.53634901995 14.3849138036749
0.855 349.696285267563 17.5325148310129
0.86 377.993539824565 17.7459672549545
0.865 387.608097550443 15.8656904998338
0.87 327.29042056094 14.5199798381613
0.875 261.815020100487 12.9957107742708
0.88 265.3946570874 13.0778582419315
0.885 257.295821802965 12.8868039640129
0.89 239.354051556008 12.4486107931629
0.895 216.827013186158 11.7823859868708
0.9 152.553930245342 10.0260820727434
0.905 141.589684271408 9.57750430081873
0.91 115.257187775936 9.71808907930247
0.915 116.707580779413 10.3207431741736
0.92 111.588027563324 8.57301938790429
0.925 103.57872884809 8.16185019483357
0.93 85.1681302325257 8.20158810442567
0.935 59.5645986719902 7.26333312677443
0.94 51.6046993482608 6.40123354554496
0.945 73.5202820730308 6.98907020222936
0.95 95.2862257721976 7.84007028281511
0.955 116.392688497294 8.68338798131422
0.96 108.87614494236 9.13372961514949
0.965 103.263111345673 9.1079731128363
0.97 124.84161282045 8.98790689738698
0.975 143.187202570124 9.55903388394012
0.98 137.987485461719 9.36364789494387
0.985 153.043320676057 9.83607500511701
0.99 185.030464894542 10.8824127691101
0.995 191.577630953565 11.0762625591086
1 178.625112672555 10.656505642581
1.005 161.965299434319 10.1821747289437
1.01 189.078533926982 12.5945080723734
1.015 235.782919793357 14.0704372192456
1.02 221.731505000136 11.8652582984745
1.025 203.556102223788 11.3820777284272
1.03 200.579550376452 11.2934273515895
1.035 223.646670848367 11.9004737943724
1.04 246.39268449482 12.498690915156
1.045 254.347291168665 12.7106471387693
1.05 248.062418775372 12.5499088869465
1.055 211.091740627027 11.5551881744048
1.06 190.35391671233 12.5577337464039
1.065 175.901694977409 12.1417509732302
1.07 167.061930341774 10.3849192466348
1.075 142.112126916128 9.47707134443191
1.08 143.341008905791 9.54091280946459
1.085 139.585616584405 9.40587450814117
1.09 109.656836330978 8.30011253506287
1.095 91.4944693454541 7.60879913972054
1.1 88.0861851582742 7.44834203759999
1.105 82.7510722073727 7.27591727767235
1.11 107.530272973389 9.84828444434798
1.115 125.070745695919 10.206600744309
1.12 102.289606410912 8.04781016544557
1.125 104.412355323302 8.13521002100946
1.13 117.155591271198 8.61231025836315
1.135 129.833913897918 9.12640359311708
1.14 116.458965699116 8.62583613188991
1.145 99.7806435952382 8.0445175968096
1.15 129.261455349624 9.13907816883228
1.155 152.345920724334 9.79703883332777
1.16 146.690168629758 11.0495621459327
1.165 167.805909080174 11.6115983303384
1.17 159.376165818475 10.0136533901539
1.175 166.334234261286 10.2143187230786
1.18 174.466868489112 10.4677703827961
1.185 178.147720578315 10.5769974563399
1.19 161.669184350807 10.0520531210162
1.195 170.073600998875 10.2789349524419
1.2 181.059685631095 10.6558913717109
1.205 146.765169346952 9.69386618205924
1.21 150.45528859012 10.9593989606464
1.215 91.8549917217128 8.84655435125019
1.22 117.841215965448 8.72380844465443
1.225 116.013516486786 8.55345005000261
1.23 110.129369534402 8.34840969665805
1.235 105.558699132523 8.15501834157692
1.24 109.305367810328 8.27076861448919
1.245 113.052358564899 8.41913850006922
1.25 92.0599558377875 7.70540380399018
1.255 69.5046221969496 6.87344054606017
1.26 74.3851106133891 8.1256398612944
1.265 63.9729885808868 7.73700612469423
1.27 64.1030984360125 6.74204949444568
1.275 78.3792936004165 7.24176117245646
1.28 61.2228497083852 6.17101228528706
1.285 67.8821978396737 6.42497076836501
1.29 74.3674815003209 6.80797302301182
1.295 55.3170257156853 5.97593388845704
1.3 49.7104410847113 5.78516921517027
1.305 91.8157509841653 7.47393481254599
1.31 134.521614205277 10.6552630491596
1.315 94.0591226907461 9.20411491809894
1.32 93.2218851230746 7.74429980016331
1.325 87.3616270693242 7.62258331845698
1.33 132.25961173599 9.10245795347912
1.335 136.766213462224 9.30965544868957
1.34 130.054288015682 9.14512599143283
1.345 122.909601184864 8.9135114448742
1.35 96.8434077861481 8.00192242681911
1.355 107.697160575026 8.37780589883355
1.36 133.078469129031 9.38285247159905
1.365 132.350412294437 10.0499788228122
1.37 126.65003012511 10.0002040021126
1.375 173.435653723812 10.3920653584499
1.38 157.512265595137 9.88173959198735
1.385 134.743765818479 9.20227283788583
1.39 114.925642825991 8.49930192751658
1.395 90.7542171752374 7.71175020223937
1.4 120.676574674356 8.74787395393625
1.405 149.314925471359 9.62684494010132
1.41 108.491188239877 8.27653638151559
1.415 91.073021235627 8.90510024284291
1.42 107.645319521833 9.54647359195713
1.425 104.267660837777 8.11358914118121
1.43 107.595977317529 8.2015936092579
1.435 109.912867448518 8.25349442817902
1.44 107.086244192668 8.19756515719661
1.445 91.9695953112287 7.685632766264
1.45 68.1326499898844 6.70573352520218
1.455 61.8953466885193 6.4895132419175
1.46 55.61668278073 6.45822185020128
1.465 52.1654593677396 6.7847175122717
1.47 90.5428104470814 8.62095282634403
1.475 100.965794395616 7.96325472001396
1.48 99.4520757975494 7.88789001287111
1.485 105.907572300657 8.16884425947556
1.49 106.672534105793 8.18170541539731
1.495 85.3847361199055 7.34744862027375
1.5 86.8234825183273 7.43096583920008
