-0.1 11.8960660955214 4.84430850598604
-0.095 6.61459630649724 3.88585774700733
-0.09 17.3295156961505 5.71784692670352
-0.085 33.0702483249121 6.83788198472908
-0.08 33.0802215919766 5.99685780932618
-0.075 19.9569799024783 5.10207379400491
-0.07 15.208579368836 4.92444155099977
-0.065 33.6651579325817 6.99276272193013
-0.06 47.0791652112859 8.18528706545138
-0.055 64.8112317846372 10.0480835526819
-0.05 171.957300215336 14.0655203985301
-0.045 226.546237468658 15.4669811370214
-0.04 231.864508232397 15.5440330476124
-0.035 312.374156461465 17.8710875400993
-0.03 450.611075212792 21.6955119417613
-0.025 662.597875068666 26.247881532171
-0.02 910.187717053204 30.8006355405588
-0.015 1072.9836259539 33.5412260207267
-0.01 1185.58324026099 35.2983388548112
-0.005 1341.63191277475 44.2449337084152
0 1496.03801552007 44.9198078040205
0.00499999999999999 1625.26598636219 41.5249034692196
0.01 1590.93489355464 41.1440830472811
0.015 1403.38489072488 38.8332601984426
0.02 1095.56378578641 34.3775108817524
0.025 745.297928388656 28.2726398182129
0.03 483.384015242329 23.0502729994982
0.035 308.013788321109 18.4825621812949
0.04 192.719158124234 14.4990979348592
0.045 186.236956483261 14.2489206687136
0.05 140.519275707483 13.6424736619069
0.055 135.258473683069 13.6100543476003
0.06 120.489238348295 11.5923646937495
0.065 100.369515554124 10.6683179979276
0.07 171.272774604666 13.5877475021877
0.075 168.514852320382 13.5376275720821
0.08 105.448502797786 10.8878848676399
0.085 91.0281949009515 10.1557701007078
0.09 72.9730202865817 9.30087841314396
0.095 83.5874442751513 9.93032067703884
0.1 148.674157180661 14.8446217702239
0.105 215.476399239963 17.6839053538542
0.11 265.427351827265 17.737319651628
0.115 220.923734752705 16.0159227337891
0.12 258.127491024712 16.9914291182982
0.125 301.523047703924 18.5321651981827
0.13 315.601563228321 18.9913170444892
0.135 329.913179239834 19.4227344559418
0.14 364.277829888858 20.2996499909689
0.145 463.236509677181 23.0415590000654
0.15 568.992895244542 29.8971869495096
0.155 771.598205068935 33.9899284295872
0.16 1066.69349235496 34.9986889401289
0.165 1544.83856528152 42.0869128357683
0.17 2058.17270967173 48.533480495416
0.175 2432.78560355229 52.7771680155441
0.18 2695.96488632898 55.5853845346231
0.185 2905.58365297766 57.7420148208613
0.19 2959.72830984789 58.2837991365139
0.195 2902.58707790542 57.7412210755373
0.2 2870.79916155025 65.8434747415861
0.205 2510.80971072248 62.5093786911778
0.21 1912.97965299351 46.7717696325524
0.215 1400.15806957618 39.9232795926042
0.22 1040.34813878117 34.32156163479
0.225 770.36246586655 29.5644535082641
0.23 550.824678673735 24.9458083201683
0.235 403.066250780675 21.2873265146965
0.24 341.715459042761 19.5652706657735
0.245 326.287399508778 19.1279048642842
0.25 373.459820785707 23.5832855014981
0.255 411.406086594854 24.675742369436
0.26 488.400050870663 23.2466397818318
0.265 571.296428345953 25.0920501428311
0.27 606.398020766055 25.7674820281363
0.275 591.018973152564 25.3865676710053
0.28 620.500322305058 26.056597871037
0.285 763.581337441156 28.8127754267552
0.29 935.086979203615 31.7756849339272
0.295 1160.21734942743 35.2756300875521
0.3 1498.17772825719 46.7392951576665
0.305 1756.18489698816 49.2881986149064
0.31 1963.15928696565 45.5674298511965
0.315 2320.13342431047 49.3515517932905
0.32 2618.18958144373 52.2861643015378
0.325 2836.80871553742 54.2345654527045
0.33 2997.01297167121 55.5695711512845
0.335 3052.58858568505 55.8937457798371
0.34 2974.90862349228 54.9880808512274
0.345 2794.94257740616 53.1292991413082
0.35 2587.58927567157 58.7321787445637
0.355 2327.54333513451 55.400474803124
0.36 2044.3422156595 44.9706608705624
0.365 1794.37114422212 42.0013843284704
0.37 1662.81276660036 40.3077596782801
0.375 1487.33928619141 37.9614872523462
0.38 1283.58516016345 35.1489716575066
0.385 1123.4073696614 32.7367620969318
0.39 960.965481503132 30.1721676325135
0.395 803.78493337303 27.5258498639879
0.4 642.562366579596 28.110988785135
0.405 542.759525902716 26.1532306729417
0.41 394.5148026338 19.0436802277512
0.415 270.36354637268 15.6763781664079
0.42 236.5064566997 14.7475789002503
0.425 252.704327931827 15.1608253209067
0.43 251.381657302579 15.0002947850916
0.435 235.233232186343 14.4814823325465
0.44 258.218476371929 15.0838406618801
0.445 287.44828839768 15.8558803143213
0.45 260.085537111008 15.1553957846338
0.455 273.837793048834 18.3252526766311
0.46 277.932473171331 18.4982189991218
0.465 286.119413078148 15.5867170916181
0.47 343.114098813417 16.9852971941922
0.475 400.366575963635 18.2606493444023
0.48 432.514821112201 18.9311061303564
0.485 448.732383218885 19.1976123865794
0.49 521.591969462601 20.6005012703208
0.495 631.727941308714 22.6100786789518
0.5 725.737635632157 24.1156932540122
0.505 821.074630712943 29.3725013349395
0.51 849.829722896407 30.1617360708826
0.515 799.821314790583 25.1236124789944
0.52 801.356540876351 25.0653792226518
0.525 828.708956820665 25.4024522782829
0.53 796.181086973442 24.8193544973799
0.535 712.994422323425 23.425528419549
0.54 661.049581980125 22.5025186887142
0.545 620.467565380917 21.7184045373784
0.55 546.826193116885 20.3523774349277
0.555 511.998880576145 22.335414115981
0.56 447.844861860897 21.3242752862312
0.565 394.35653948386 17.1148069956797
0.57 311.142793712881 15.2367627186463
0.575 284.649329249069 14.5508431599585
0.58 272.248938250626 14.0950735704823
0.585 239.606430986045 13.1937238539006
0.59 204.882135599089 12.0977470712371
0.595 152.209874352939 10.521623521027
0.6 168.782531421163 11.0897069581112
0.605 222.683112127847 14.6588614811033
0.61 189.362665124538 13.3881066577196
0.615 200.241637606551 11.847065441679
0.62 251.504613152417 13.2255784702903
0.625 275.223836831863 13.8414623752372
0.63 296.285960945536 14.3374559724267
0.635 333.625597879484 15.1874181797666
0.64 354.603936105779 15.622082934672
0.645 373.803266827267 15.9786537408943
0.65 417.825021603055 16.8548036479783
0.655 439.590819043265 19.8541188086217
0.66 488.383240662922 20.6572050009632
0.665 548.632470149939 19.2029889565593
0.67 597.256567898413 19.9854365339742
0.675 568.311229270716 19.4395446115101
0.68 541.965143547241 18.9486819283369
0.685 537.167616236327 18.824767709118
0.69 511.485959484253 18.3372492922814
0.695 508.531934083352 18.2445805024716
0.7 514.802693580742 18.3146341233709
0.705 474.005297163884 20.0816413094604
0.71 373.479364479766 17.9957775602738
0.715 376.557570606387 15.5749593790636
0.72 379.196861442658 15.6410031762163
0.725 319.463355327725 14.328747831244
0.73 285.406091285736 13.5417873323178
0.735 258.933018879838 12.8373416814785
0.74 215.238847964403 11.7304640672448
0.745 178.41134084524 10.6587189527498
0.75 144.098183385299 9.5706328165327
0.755 152.075950507295 11.4535642274177
0.76 167.27857010177 11.7751937613491
0.765 177.415115886158 10.5781231037065
0.77 178.383309089377 10.6843567797713
0.775 177.15334977346 10.5801470512958
0.78 163.050271631445 10.0691095629121
0.785 141.782606120039 9.42033319345202
0.79 157.953696433469 9.91413386304277
0.795 174.668849208852 10.403286942202
0.8 169.208326551661 10.2056614907539
0.805 222.491087167642 13.7914004684571
0.81 242.254111151411 14.0199657542644
0.815 238.555697774347 12.0887158247838
0.82 273.203622499028 12.9232383346617
0.825 293.877400458373 13.4071377132461
0.83 302.280841953786 13.5973899549674
0.835 332.759275798367 14.2560116492696
0.84 344.139855341436 14.4914220723502
0.845 333.396555395984 14.2384994186135
0.85 347.113753898298 14.4823221435684
0.855 345.7832952866 16.7891907342505
0.86 347.156064270708 16.4383084489965
0.865 327.889564052527 14.0512836777895
0.87 336.841003052845 14.2200030824569
0.875 297.561885554464 13.3408007912453
0.88 253.498540828863 12.3316829387587
0.885 262.543486017303 12.5129974804558
0.89 256.255501969823 12.3626527891592
0.895 225.921416592506 11.6315371611182
0.9 223.290763481477 11.545816324172
0.905 217.441628457669 11.3837289373093
0.91 186.666596565106 11.9918452384466
0.915 136.016409162884 10.7946946712069
0.92 95.4568474072595 7.55754960292053
0.925 111.986623638206 8.15263322747172
0.93 133.310770439261 8.90490908314952
0.935 140.84972825408 9.14340002180898
0.94 149.751114345499 9.48629996071089
0.945 164.672402854366 9.92738007060706
0.95 179.764812249192 10.2823599478415
0.955 182.481351871818 10.3425376767547
0.96 176.917911514945 11.7366015231591
0.965 175.93486271722 12.1122361157886
0.97 152.57137247021 9.51253376310901
0.975 152.260420707378 9.43126511701309
0.98 175.900922697776 10.1226650607557
0.985 185.423384294332 10.3986946101139
0.99 193.322827925595 10.6226853699273
0.995 191.774997418979 10.6997157293737
1 190.396659859189 10.6670167539391
1.005 220.353316895708 11.3027013459315
1.01 223.382648557414 13.0945885188194
1.015 278.15387674604 14.4656949975629
1.02 280.987771289467 12.7620948315695
1.025 240.016593529842 11.7931921556532
1.03 228.217280219477 11.5078498916666
1.035 252.779942574871 12.076770081634
1.04 264.449036549841 12.3555461630372
1.045 238.133074826222 11.7607049467408
1.05 208.609796282156 11.0403581824596
1.055 206.856597100383 10.9196203645241
1.06 207.694817414861 12.5487643946161
1.065 196.42736132737 12.36395649233
1.07 183.268877077682 10.2632210632727
1.075 170.942156261853 9.92145977382829
1.08 141.913593280059 9.04914551234769
1.085 140.220717273463 9.01426408975598
1.09 137.159817916254 8.87242568614472
1.095 117.612955148772 8.21221243873045
1.1 127.884111358459 8.56462797372454
1.105 132.150063402613 8.72458967350553
1.11 116.020300009063 9.22695707640013
1.115 96.4051853641056 8.69795025302406
1.12 104.446337777979 7.78213263228064
1.125 123.312459975056 8.43779027881956
1.13 116.507155483551 8.17089331414581
1.135 121.382024534485 8.32400380827523
1.14 162.656648081073 9.6006123722477
1.145 181.282042037102 10.1595345465856
1.15 183.05670986412 10.2071914064096
1.155 189.65650613276 10.4209873752793
1.16 163.225564683338 11.102566339523
1.165 177.27870556404 11.5545772609791
1.17 181.698210397748 10.1547558203133
1.175 171.901130751708 9.86365105862579
1.18 155.655708038187 9.38577179830294
1.185 173.391416343052 9.9131905159946
1.19 173.628359999904 9.93104211867923
1.195 158.054464162422 9.52050384339422
1.2 166.630192528593 9.77586097864986
1.205 172.376435290936 9.86638793016817
1.21 166.020840581825 11.1368916018148
1.215 130.267358983041 9.81449411167613
1.22 136.327800171144 8.78712370207628
1.225 144.930840320877 9.03768115493002
1.23 141.022179350086 8.91219614204105
1.235 145.248226544341 9.06166736724812
1.24 143.61428015353 9.01334764523726
1.245 141.058113045842 8.92647363547529
1.25 135.414502904118 8.76935688569533
1.255 109.988654058314 7.97081487194234
1.26 112.284615541261 9.4806993190479
1.265 118.408966880248 9.31374921620561
1.27 113.22280357881 8.03655530532965
1.275 87.1067038599482 7.10490622831628
1.28 61.515250279167 6.10903542642274
1.285 74.3104884136509 6.71118967517098
1.29 107.356658007038 7.95147617487834
1.295 122.106418097422 8.34350541380873
1.3 127.668101559592 8.47012780702289
1.305 119.940105836669 8.18015493937845
1.31 107.975479765782 7.76650730519256
1.315 123.355083750384 9.4393231761937
1.32 143.314764813817 10.3327970237869
1.325 154.969530640578 9.30777661886781
1.33 156.681102248353 9.3910903687144
1.335 148.533099532309 9.18071069960535
1.34 141.728961908366 9.00905288586705
1.345 149.692193365628 9.22733535673758
1.35 150.834015996926 9.20858824788056
1.355 149.696619526107 9.21470038273967
1.36 180.430944495248 10.1081718763663
1.365 211.204918997891 12.3585892024373
1.37 202.350656371572 12.4062560482812
1.375 182.565119535848 10.1167409993776
1.38 163.036768421847 9.55030041274147
1.385 122.89367588159 8.24310137447812
1.39 89.6491982639964 7.3529233295966
1.395 85.2122181743461 7.27214790409593
1.4 95.0511046272858 7.35028774434638
1.405 93.6062073447431 7.26981411165902
1.41 77.0623707009633 6.55958329504781
1.415 88.7053679546834 8.1432569525759
1.42 137.533804250372 10.0315077456151
1.425 119.597971595278 8.30486788599579
1.43 114.718873518698 8.09245264546249
1.435 114.738388601518 8.02108286710203
1.44 89.5031942998942 7.16082438771215
1.445 75.1786103691979 6.64261933099382
1.45 72.624463713024 6.55754085100257
1.455 72.7723984764839 6.54354997432757
1.46 94.396762336445 7.27866543258632
1.465 115.407299731794 9.40708032034107
1.47 131.860418302065 9.93875399543733
1.475 105.411520171159 7.63398410128271
1.48 90.8426537900104 7.1343541426076
1.485 88.4607588465933 7.25091872186826
1.49 92.4624228565175 7.46069046985808
1.495 114.217233120856 8.0305712589779
1.5 127.170806607479 8.39586861656482
