-0.1 3.51370979010904 1.53971155890971
-0.095 28.273755003415 4.44461804711211
-0.09 37.0898195451963 6.44467180460302
-0.085 38.967481133612 7.51954307116527
-0.08 36.4553723396074 7.25429576695381
-0.075 48.8724001638958 7.07708175824632
-0.07 66.0764671409261 8.55754334388006
-0.065 64.1523865002945 8.68513121048043
-0.06 88.2527784725493 10.0711951605217
-0.055 75.9353496072431 9.85021946357381
-0.05 63.7334494719372 9.04185630056299
-0.045 83.6860940869411 9.57324502075539
-0.04 156.892740203703 12.8565493950326
-0.035 250.685357012538 17.3182050626023
-0.03 390.408561728428 20.8853426510419
-0.025 684.62797365956 26.7532159152802
-0.02 953.388801138513 31.8819241571856
-0.015 1050.66989127056 33.4073418655362
-0.01 1064.69988607374 33.6116485970426
-0.005 1085.62811709777 39.9342031921462
0 1172.45280322873 39.8678594088591
0.00499999999999999 1224.3960839644 36.0068582138606
0.01 1125.72160388159 34.5114585532441
0.015 934.956557017597 31.4451865630973
0.02 702.963886093168 27.2379406667331
0.025 456.048810357978 22.1519457121772
0.03 288.81091217535 17.9938118660663
0.035 214.194394700318 15.1284310554775
0.04 117.774710716963 11.4767406452054
0.045 42.2817786730393 8.12658815441387
0.05 49.1339441118855 8.70838801550938
0.055 49.1433858701147 8.53735066518216
0.06 52.0736170312882 7.50187363100209
0.065 39.2893230503808 7.14595261033471
0.07 35.7748083121099 7.3043753486644
0.075 76.1297781146345 9.35218918966622
0.08 65.8127252388209 8.7647827466164
0.085 30.6959873054899 7.96800512192403
0.09 41.4173874523921 9.38700273919697
0.095 30.9417586344692 7.91957966810142
0.1 56.1260628705692 8.95408802369631
0.105 65.1985269354607 9.80793906902079
0.11 39.8499541134657 8.95940165212681
0.115 91.5574329530752 10.675783318419
0.12 147.775391241496 12.8297571854198
0.125 152.4086804678 12.9976159922305
0.13 138.998644883643 12.9788371213183
0.135 176.680380067117 14.82416381964
0.14 266.763835176651 17.676900551649
0.145 347.257494752008 19.9728859494126
0.15 387.378824472664 24.1957001532768
0.155 518.134596390815 27.787301502075
0.16 692.820747610307 28.2676334525248
0.165 998.32582442226 33.7542082585531
0.17 1297.13976302276 38.5170999208721
0.175 1478.8868035479 41.2217193936227
0.18 1548.77121260827 42.2281307551094
0.185 1602.74092983492 43.043308795307
0.19 1663.79105557431 43.9333860155886
0.195 1590.0916929538 42.9789899411001
0.2 1407.33830332272 46.6377706033561
0.205 1222.82020346855 44.5684809456665
0.21 865.157933268968 31.8767720528922
0.215 637.389136825445 27.4810052622708
0.22 482.151135348349 24.3400305018754
0.225 360.940714231611 21.281188460175
0.23 272.264254104106 18.3887053520023
0.235 212.002678776404 16.3068769297595
0.24 191.633994566728 15.2231885085487
0.245 220.924060213303 16.2084357857234
0.25 295.180573504005 21.8243215672407
0.255 255.508421015834 20.4905742644545
0.26 182.984838187367 14.9395086203191
0.265 193.444686177259 15.4095104632146
0.27 263.244718717405 18.0046604926087
0.275 300.912338084085 19.7246861700148
0.28 442.831605338096 23.5505392841425
0.285 593.882200041661 27.2512215541215
0.29 676.454219065672 29.0608196241088
0.295 807.905639623252 31.8811373560243
0.3 1031.6898074573 42.5962254876331
0.305 1371.25479842093 47.106054498775
0.31 1631.82851811912 45.3920190712675
0.315 1897.05567268769 48.9202550707475
0.32 2054.63645808342 50.929955604558
0.325 2139.52889640318 51.9989538617422
0.33 2188.03442295823 52.6085420580808
0.335 2163.76025628769 52.3228334888468
0.34 2101.45028767258 51.5894506575138
0.345 1957.24624074005 49.8007816830036
0.35 1658.90598148019 52.7447867739278
0.355 1383.56024326551 48.5977547237443
0.36 1187.00421860511 38.8594091723386
0.365 1118.56906953422 37.7212302909757
0.37 996.367530034393 35.5820804585308
0.375 856.590336302365 33.0263176366891
0.38 731.664252244719 30.5532114790866
0.385 653.131832396044 29.0028285754442
0.39 599.054399624711 27.764138746926
0.395 498.165424019433 25.2361409893002
0.4 414.614461979921 26.4424479492216
0.405 236.179991119417 20.9257373557977
0.41 184.077606054779 15.680376065528
0.415 177.286975789374 15.0538985933014
0.42 169.255360470759 14.7497115289029
0.425 166.648143420304 14.7592486648593
0.43 154.396621863631 14.1160941136325
0.435 190.216220679385 15.3406208632194
0.44 190.876763268178 15.2555481045924
0.445 122.430201091616 12.4065007059301
0.45 159.594557600566 13.8719196002039
0.455 285.847433734053 21.5641146794068
0.46 309.016621012609 22.552104988807
0.465 286.564715627406 18.702084872936
0.47 319.214851215475 19.8885141632965
0.475 349.963198698831 20.7276555983836
0.48 374.352579732237 21.2564213769557
0.485 449.89949788778 23.5132188223728
0.49 521.190189147839 25.3027297608396
0.495 543.10361469923 25.4755355759248
0.5 553.953946253413 25.7997468876831
0.505 590.811350839297 30.8255183054183
0.51 657.254310407723 32.1160752434177
0.515 673.035357473672 27.9787786800562
0.52 653.099146511359 27.4704966641202
0.525 607.717605787528 26.3795354558337
0.53 569.828087027034 25.4850914551356
0.535 476.168109257545 23.1949542636502
0.54 421.155240372647 21.7869230652611
0.545 427.572516044134 21.8838756619222
0.55 307.021053055945 18.6631034608209
0.555 274.37479358617 19.9691649824691
0.56 245.672416108927 19.2894916630137
0.565 201.369569388087 15.1285211682944
0.57 203.642584909105 14.9713688335152
0.575 171.100719151498 13.6577230921788
0.58 131.394029568028 11.9585934662368
0.585 89.7873178011803 9.951363263496
0.59 66.696246467715 9.00580911487195
0.595 74.1344731933633 9.29153718239954
0.6 102.995005711659 10.195011456755
0.605 153.33507191844 14.5203249077841
0.61 197.430880267818 16.0185779520671
0.615 186.572712030624 13.9311084150685
0.62 154.408098985241 12.6710579330114
0.625 166.577804032891 12.8704887532447
0.63 191.471356680828 13.7361471947343
0.635 181.76414385674 13.3260951888251
0.64 198.456801098842 13.7582743732704
0.645 281.663265555688 16.4270316076384
0.65 353.960517661205 18.3680508903035
0.655 388.104457786803 21.8073829157206
0.66 396.842154647704 21.9180415353042
0.665 382.703062478312 18.8100780713762
0.67 408.82470677565 19.3050219514568
0.675 440.581451071386 19.9334201279682
0.68 431.895905841467 19.6532835685423
0.685 401.619305390502 18.8751580275345
0.69 384.815543173416 18.3896050482484
0.695 372.934962018838 18.0282548217329
0.7 357.116661755307 17.5888022453841
0.705 353.038296008352 19.9252500385614
0.71 331.173294102966 19.3805536952908
0.715 281.66452297273 15.6174117865887
0.72 256.095933650154 14.8597479485746
0.725 227.518783089002 14.075924303524
0.73 165.785390061285 11.856035796042
0.735 126.849824409758 10.2806534204769
0.74 103.988492956028 9.39420299019602
0.745 69.137046798518 7.71150065251873
0.75 56.58368360813 6.94191959798718
0.755 78.8168403974819 9.61030729711741
0.76 100.395740111765 10.1393008519192
0.765 113.107781293184 9.49822876312538
0.77 85.8789936245106 8.2171956960718
0.775 126.243262974985 9.7644373068379
0.78 141.466807922931 10.4371419463771
0.785 100.635438925919 8.87907509196928
0.79 89.5345195732673 8.43788858007153
0.795 103.444755973553 8.9325986651699
0.8 140.074820758947 10.3418194187871
0.805 155.443241022916 12.6312460238272
0.81 167.617442561647 12.6202598334453
0.815 184.874313036881 11.7702838206523
0.82 178.831046994578 11.5169230042041
0.825 171.065767138889 11.238883245978
0.83 182.620307943592 11.6001986922051
0.835 167.113855934474 11.2644793360998
0.84 177.601352675285 11.557309704494
0.845 231.009444154639 12.9848940917675
0.85 213.950289010463 12.5173803397032
0.855 222.879332696707 14.653964053297
0.86 208.946494037653 14.390389289679
0.865 182.698068552177 11.4732691979328
0.87 129.472842872462 9.6485061322746
0.875 178.763427949111 11.1174247445469
0.88 212.491638469128 12.1622040638654
0.885 186.555062929573 11.3629013711909
0.89 153.088552667258 10.3090986416279
0.895 128.944328864647 9.47168838561446
0.9 125.440182311452 9.3586174071491
0.905 132.889934787158 9.76335020764162
0.91 120.91416800042 10.0291743830008
0.915 66.9092972717458 8.3479974117002
0.92 72.1840327159412 7.13888328613893
0.925 59.3845682842925 6.40079200880689
0.93 41.463447791291 5.38724182949371
0.935 60.3891084078185 6.2835628988571
0.94 78.2776304578414 7.22643156109616
0.945 76.7809975095782 7.14198163532346
0.95 83.6971526437312 7.41297699131748
0.955 87.8247225054293 8.03475623241314
0.96 77.4055854954691 9.33736767374415
0.965 110.859832291841 9.9668871366177
0.97 105.783369874712 8.37927812272011
0.975 89.6801864840058 7.65784409661982
0.98 100.516130817744 8.32076151960679
0.985 121.729765603713 9.0462814098612
0.99 135.486486350205 9.35612178238614
0.995 136.494416457363 9.49816219303954
1 150.668219948573 9.99886263466656
1.005 179.486895392881 10.8410442613122
1.01 131.588797855822 10.8399888268421
1.015 132.653681698913 10.5663273218305
1.02 112.14299776103 8.52159994507127
1.025 164.99079946863 10.1796520353264
1.03 194.595071714978 11.1401980957025
1.035 153.048573020729 10.3117363495381
1.04 123.248555510558 9.56733252758033
1.045 167.021921298619 10.3374445957982
1.05 188.642476200201 10.8944792296021
1.055 150.439810158308 9.67229326908652
1.06 128.01671380881 10.3070941453817
1.065 115.708934997264 10.6188056807574
1.07 99.0400856142531 8.5006459005269
1.075 116.296045429057 8.77734289531709
1.08 112.323647698911 8.38346598094051
1.085 122.490803181202 8.7462220097427
1.09 96.9127652648013 8.09330655514367
1.095 55.3927356939164 6.73372246488443
1.1 88.5718502730244 7.67914694052254
1.105 106.706340914725 8.26237190368463
1.11 93.3531645139079 8.80271449043383
1.115 85.7249634911533 8.71061161781625
1.12 63.0877619061155 6.48308301128113
1.125 52.2845114708148 5.82222279620437
1.13 80.727634957319 7.07841754142312
1.135 100.126948131419 7.91024582896901
1.14 99.598783029213 7.78478464886701
1.145 106.26886989507 8.0188089368346
1.15 106.759080245258 8.02763933999507
1.155 82.7200685180144 7.35864087471846
1.16 62.2494310583948 7.71283684279623
1.165 102.12918322008 8.94416551299997
1.17 98.0811887772617 7.72159228745838
1.175 71.8899441754259 6.61388663046483
1.18 71.4057689510405 6.57927127754295
1.185 82.9201519606702 7.68323440901203
1.19 104.172541447001 8.50874252667893
1.195 108.253265412009 8.30700354258088
1.2 103.620586465882 8.02014166541439
1.205 118.738185708896 8.41251274224118
1.21 118.280724676665 9.75033313922677
1.215 109.135909531698 9.54988313897953
1.22 82.8415582607127 7.09940424451409
1.225 86.5420869635639 7.31362900037469
1.23 69.5645264109054 7.00503242340728
1.235 61.2328109586575 6.72542409756643
1.24 69.3842253331577 6.59021627938749
1.245 54.7891758505162 5.67320450263165
1.25 61.5973844553434 6.0359818244379
1.255 72.43706269632 7.10164440463074
1.26 39.6002935568003 6.62408024315317
1.265 32.649779507371 5.37366507702091
1.27 30.128401224253 4.41092365789127
1.275 64.6867109184558 6.16344362792402
1.28 68.5443079544716 6.4119869779194
1.285 88.1911524656 7.12895791387796
1.29 91.0876436658742 7.39154637782804
1.295 65.1106083200916 6.38393936007628
1.3 74.5624910537774 6.67632736605662
1.305 109.91023336055 8.08138655423993
1.31 90.4356026145466 7.22564687103416
1.315 43.0239973104864 5.82858284863468
1.32 72.2315489848768 7.40905294471794
1.325 132.177956190596 8.69403189465743
1.33 140.634359450084 9.05347553799793
1.335 148.581781695253 9.28934005498217
1.34 148.962415712589 9.30350778827088
1.345 125.518378511968 8.69265901468676
1.35 126.456454004079 8.78680696146307
1.355 135.205548409596 8.93818407484794
1.36 132.136194192291 8.76308483779016
1.365 140.521898085508 10.3702549590853
1.37 116.920644815001 9.69638541365318
1.375 82.2267891696274 7.31478007475303
1.38 111.734893594388 8.24180683316878
1.385 95.0675120171582 7.5506299519071
1.39 71.6549755738657 6.6826407341018
1.395 52.0903235625117 6.56744195806206
1.4 65.61005497818 6.99310611200246
1.405 96.1179064779901 7.46846001613129
1.41 62.6567476276578 6.03299786156908
1.415 32.819782473096 5.0542310635634
1.42 50.0712504052 6.20269296557404
1.425 37.8532517439956 5.08279304540675
1.43 54.5651473271771 5.75475633783669
1.435 58.4564368431341 5.83584982305619
1.44 42.0254167185669 4.99795830047573
1.445 46.7517507498274 5.33823994817191
1.45 55.4581406295185 5.99668629581316
1.455 60.244644132389 6.09404555009209
1.46 75.801096968599 6.66990144064894
1.465 59.1423919979989 6.26762401254051
1.47 49.1504727307115 6.45519458129928
1.475 81.6629438564354 7.1239135934194
1.48 73.7774703363176 6.51623334520857
1.485 82.1378926102709 6.86423430081656
1.49 76.4824700699645 6.66190990537057
1.495 65.5189532463288 6.32120180660595
1.5 54.4378372433832 5.92520971943969
