-0.1 12.3528937584022 4.27514865464888
-0.095 4.62625510904901 3.41487332131672
-0.09 10.4065473305065 3.93813073115633
-0.085 19.9351123043216 4.63857312330593
-0.08 16.811479671782 5.41265573154581
-0.075 36.3180706943243 6.95227481554174
-0.07 58.7732307011028 8.24368896274492
-0.065 66.4318966053019 8.97494426005841
-0.06 94.1265756851117 10.3447869392162
-0.055 131.788869381063 13.6582912030079
-0.05 138.780817682781 14.4150163117416
-0.045 133.696063033601 12.2636461228138
-0.04 157.151766268651 12.9964189032428
-0.035 198.350917487115 14.6855023521938
-0.03 258.841212554969 16.6915457549021
-0.025 418.802445837859 20.9345649279005
-0.02 624.674726713477 25.7148451672167
-0.015 816.30019343636 29.3413221648189
-0.01 989.747250910764 32.3252176823514
-0.005 1094.29561858896 39.7463157612876
0 1164.69411885413 39.9078036792546
0.00499999999999999 1093.49901201528 33.9716415442518
0.01 1034.66814957291 33.0517655893603
0.015 960.465620817586 31.8714139400641
0.02 766.202960760289 28.3842696157098
0.025 504.149640858291 22.9868177185669
0.03 309.356496096194 18.1540249885954
0.035 208.97875152319 14.8228040329305
0.04 146.932096253617 12.4641186469261
0.045 117.94902103983 11.1353635233309
0.05 89.4016160599289 10.964891662197
0.055 54.668521082729 9.27493580992791
0.06 32.1667664039792 7.65890094045584
0.065 8.61548378917588 3.74772338663334
0.07 4.24674827351276 2.78969671030745
0.075 6.66107824224013 3.5708003856155
0.08 9.87146616067725 4.41433993602078
0.085 20.7338412618507 5.81182854562277
0.09 35.7023241164514 6.16025185797831
0.095 37.5844139390295 6.53677017642277
0.1 88.3665589902764 11.8574901269356
0.105 120.960287055238 13.5655669570884
0.11 92.0211297516956 9.92009855044265
0.115 146.839383986264 12.3147580001177
0.12 188.434349559909 14.4085216506597
0.125 169.789734564618 13.5906070097406
0.13 186.42684758663 13.9523179748827
0.135 259.688585101614 16.6370952210185
0.14 326.256816594995 18.5924328181279
0.145 358.808623638601 19.4302165195829
0.15 345.966445094103 21.8887510660656
0.155 460.16771062152 25.1255360199908
0.16 637.15841496489 25.7578400214566
0.165 968.646166197696 31.7071867667057
0.17 1389.83061177281 38.0586924988231
0.175 1760.59357651576 42.8614883062478
0.18 1921.34049363535 44.7636749338472
0.185 1940.73811084665 44.9794016334471
0.19 1958.32172824262 45.1738201602553
0.195 1928.84470416099 44.8292200096077
0.2 1854.76603951593 50.3454169140882
0.205 1625.72117140432 48.0839836717292
0.21 1177.21611559561 35.0083961908168
0.215 789.476597482514 28.7343951669019
0.22 522.008768779579 23.3655603689263
0.225 361.461090307586 19.4567974952029
0.23 225.408517826355 15.0173496258587
0.235 92.7019189437354 10.053224154256
0.24 81.8046594198168 9.54157561241841
0.245 112.919937009217 11.0903824773443
0.25 123.362823721961 12.9567098541598
0.255 99.7796478400544 11.7873586407109
0.26 84.4991760054694 9.65373909940623
0.265 100.167563357259 10.363056080513
0.27 135.319060844727 11.9316479971928
0.275 101.899896746946 10.5789739920432
0.28 56.8193328126216 8.57394910704114
0.285 75.362598225583 9.27832301962364
0.29 63.4937820490568 8.724501978215
0.295 85.587776614809 9.28669087974325
0.3 148.388263172503 14.6380456727482
0.305 167.711780930372 15.0107292675122
0.31 187.709588915566 13.9827155553743
0.315 201.523687728081 14.4430269202054
0.32 197.756123277144 14.2835945135657
0.325 214.666734179574 14.8977784083245
0.33 232.171295002665 15.8241118984801
0.335 294.159271098223 17.6188257993642
0.34 400.190489092531 20.2383733432591
0.345 443.226104275952 21.3170746538317
0.35 413.867150783227 23.8238630971303
0.355 460.670250023607 24.9004554079386
0.36 379.452458336494 19.653302837058
0.365 310.256107529823 17.805377931772
0.37 300.143433495452 17.5003058206117
0.375 354.146323611375 18.9573366337674
0.38 320.469675053114 18.0409724007775
0.385 227.639197722732 15.4669024157392
0.39 191.804325757655 14.0901846520103
0.395 154.48965742975 12.6202145965906
0.4 165.054426457293 15.4275345807556
0.405 133.893490880106 13.8462085246229
0.41 115.805217943133 10.9308097690053
0.415 66.5910850790888 8.21242377631707
0.42 46.7903413542898 7.42576448385526
0.425 43.6964679225688 7.24216138093641
0.43 53.568133302626 7.66910495463533
0.435 78.9958914282706 9.02722250996918
0.44 56.2924350422334 7.74537653812485
0.445 33.2804351975081 6.47557650236942
0.45 36.3931145850774 6.24495427485925
0.455 54.4477589119812 8.97003253502216
0.46 59.0933559893786 9.03234304486857
0.465 68.7088891727293 11.36373953255
0.47 23.8799156238699 5.43729245864524
0.475 42.813301743185 6.1874269649298
0.48 72.1116990286766 8.47429003632156
0.485 73.7610945424119 8.58485486436612
0.49 63.7618546583173 7.97703523562623
0.495 61.6642539261174 7.88011773362966
0.5 88.0209503959093 9.45955226109297
0.505 135.388777322267 13.2938498857258
0.51 150.629283604574 14.7045630553811
0.515 142.445463553776 11.983611476166
0.52 135.684940265516 11.7608723591854
0.525 148.254288805652 12.2178181293687
0.53 124.46059116925 11.1967622636784
0.535 115.804545671153 10.8151740108875
0.54 132.662612832697 11.5277308566012
0.545 119.820026739923 11.0108584959155
0.55 92.5934711510369 9.43987910290639
0.555 71.0347088114414 9.9310579656883
0.56 54.0748944991062 9.45550325230128
0.565 11.1468470704838 7.1241666044624
0.57 24.2134621843018 7.24780617112336
0.575 33.4939603106723 6.40028584654921
0.58 37.6725931423618 6.2156553940762
0.585 41.1327496178116 7.43087456457434
0.59 40.4313017238215 8.33907560320344
0.595 24.5763459255179 4.82146740353343
0.6 17.7090459027123 4.24824796058623
0.605 19.7154532660121 4.69549388498187
0.61 11.3327813977579 3.78166516048715
0.615 25.2954752047241 5.07977773423919
0.62 25.2657476579316 4.95190254962342
0.625 14.571478414672 4.05462694540997
0.63 7.14415694360955 3.14292198461095
0.635 10.4306301266481 3.84363653578865
0.64 12.4562742678262 4.60951634585661
0.645 12.1282716293551 4.55067072906765
0.65 37.9456295740364 6.24114766807717
0.655 78.0124738152393 10.1803451581524
0.66 85.1506035825562 10.8048966382967
0.665 84.2600847506461 9.22862591491662
0.67 66.6853632400994 8.46071906345153
0.675 41.8357194542871 6.8510974037952
0.68 61.3333615460365 7.89859840072044
0.685 107.29210865744 10.3208348472492
0.69 113.310241896507 10.5180536507124
0.695 71.539830798838 8.68731072319863
0.7 53.4296920447039 7.89138387523288
0.705 59.3349861513743 8.97301813465821
0.71 63.3385649115464 9.14463638313132
0.715 40.1563305752838 6.59923042940591
0.72 26.346949260315 5.94566420007211
0.725 20.9094949584555 5.90189126211993
0.73 34.7925338348434 6.72768369549479
0.735 49.810596649946 7.17711381511119
0.74 30.7999173145139 6.66666034572788
0.745 18.935774585878 7.20219498036499
0.75 28.7125137351664 7.6067617020477
0.755 14.6404147589479 5.00771518280228
0.76 14.3196453490465 4.11292951472276
0.765 11.9574910890269 3.942952466209
0.77 24.1477618471478 5.43015227627074
0.775 55.0435813872762 7.67888450565421
0.78 40.6345195956564 6.52699571282728
0.785 16.6615942816591 4.42087036383116
0.79 16.8192384190674 4.35183836262782
0.795 31.631346091585 5.76022773455103
0.8 46.7138533613744 7.19759612204563
0.805 64.1574252917392 10.2007725201905
0.81 76.1000371582499 10.3264352483935
0.815 103.912135065429 10.6660866482428
0.82 64.2479217199614 8.81499283042285
0.825 42.176137002075 7.63115050980093
0.83 40.9856266080328 6.63746618276266
0.835 51.0068145007039 7.38879126202347
0.84 92.9282840147208 10.3247336314475
0.845 107.079819169715 10.839744234837
0.85 101.297952311462 10.5399963788382
0.855 111.047349628645 13.0585800203124
0.86 106.531810785527 12.4540675240446
0.865 55.5065664003611 8.19345949261369
0.87 15.1525749969272 5.32584330461504
0.875 23.5218951553992 5.75958802647738
0.88 33.013551821777 6.30464912909869
0.885 35.182186268431 6.34401941668059
0.89 35.5807606811756 6.66547722795381
0.895 36.9771798927069 8.32419681553724
0.9 30.6581079363887 8.26473288245218
0.905 23.1896879573376 6.99356533239725
0.91 47.3502732942739 7.42546366095384
0.915 33.1746141574175 6.18929211695197
0.92 14.7084695052858 4.14772686093039
0.925 18.0892499867586 5.11997494832277
0.93 10.891327541171 4.62847167982549
0.935 2.19562427891761 2.35279639632204
0.94 4.96238418606235 2.60836139526074
0.945 12.4847585557013 5.03941906608963
0.95 15.393984534966 4.30114674606991
0.955 22.8213047175427 5.5802887629599
0.96 26.5392423465764 6.94167978313108
0.965 23.5846076812499 6.08544922655167
0.97 14.4059735124907 4.04813778099356
0.975 6.94975922935295 2.77348212181876
0.98 16.1623460485445 3.94826015554791
0.985 46.3784951641862 9.00985685974086
0.99 72.0652254660192 10.4562531555148
0.995 80.862463740488 9.69652906886809
1 49.6194444318856 7.57811524361707
1.005 36.0066804255989 6.63200476916438
1.01 63.8272297621785 9.76811809242288
1.015 72.7722542947333 10.3817961180164
1.02 56.0743561780891 7.93214862207829
1.025 27.4351111337305 5.79604521247865
1.03 29.0853529945528 5.99164880041537
1.035 62.8845442428157 8.72453942827857
1.04 61.9302664552624 8.91573223168813
1.045 42.5705377713953 8.35677757127709
1.05 65.5794340238255 11.7744872735577
1.055 61.7444952684241 10.1614828799436
1.06 44.8828172369848 8.75043963346479
1.065 8.60784159418107 5.07111066203204
1.07 35.4156235749734 6.50108049133973
1.075 43.4821634334769 6.96778238220927
1.08 29.6595674900977 7.09550666875915
1.085 21.8485118825295 7.0967326336379
1.09 35.3490148250539 6.6685328051481
1.095 25.862847849301 5.4931665834274
1.1 2.23236495060189 3.6664425527933
1.105 10.3476118769428 4.87524820578765
1.11 24.3678797421241 7.06947437262117
1.115 50.4772971753084 10.2994944881599
1.12 28.1747144728478 6.53755084110762
1.125 63.4768427836651 11.1750454624954
1.13 31.9524978321578 6.27135140651004
1.135 5.67158078780906 2.37661187116529
1.14 8.65737805719461 2.9025417430766
1.145 5.49220850058856 2.36761552205144
1.15 11.475884097221 4.10993638780307
1.155 18.1731516967723 5.31898749632835
1.16 21.4310216207784 5.35750111301329
1.165 8.76822554724642 3.30417215120267
1.17 8.35573838729518 4.96989766251439
1.175 29.5720226518423 6.20957854722702
1.18 33.1585986242689 6.3386571666032
1.185 25.9630170621707 5.39641111602189
1.19 10.0956207021035 4.12806644246763
1.195 25.4673685623791 6.83596886540202
1.2 39.601499200858 8.59524421829281
1.205 44.2192760853243 8.83658327518722
1.21 35.4338964243789 6.54498283222025
1.215 27.6793503678424 7.10914843532324
1.22 30.7660849205471 6.27619580504653
1.225 24.7408227050752 5.23855362668007
1.23 14.2036847069039 3.97133850209431
1.235 11.2648527544462 4.54312496314966
1.24 5.80858313226939 3.79625308574327
1.245 14.0591373446059 3.91986894358176
1.25 34.5374176121488 5.39803610040624
1.255 58.0530541810595 7.14202848758518
1.26 61.1154070717962 8.19450373328759
1.265 36.9542690417723 6.57091151186869
1.27 24.9936129202807 6.36784160101914
1.275 12.3278643297046 4.16460438951551
1.28 10.3909984914874 3.20108059646536
1.285 16.4675755408244 3.7462387854789
1.29 7.56555579767396 2.74298322785629
1.295 11.530818833361 3.90393688870758
1.3 23.7568106470704 5.82429436271014
1.305 18.9419035427746 3.91040453277312
1.31 6.9832176967507 2.77168424410272
1.315 16.5252369371796 3.58485884428127
1.32 15.7360843480035 3.43584186588018
1.325 12.962441714379 5.25506523598721
1.33 18.9481904260553 4.60035422828591
1.335 23.7809044022315 4.30290948968539
1.34 43.028392439369 5.60880149834932
1.345 39.1957822748992 5.21862966230748
1.35 4.21103476966204 2.35097628526664
1.355 18.6526208230652 3.51639586492504
1.36 39.3903394576759 6.00970135867698
1.365 42.6619171206346 6.4721023138062
1.37 9.18607944707805 3.12302015020872
1.375 12.2649502605777 4.05089322871432
1.38 22.9388703819648 5.08088218282204
1.385 29.0746365645649 4.94088302277747
1.39 26.2524359204941 4.57522265739981
1.395 23.4302352764231 4.20956229202214
1.4 19.7913778818525 3.80427344100652
1.405 21.3142897559895 3.88495473039063
1.41 32.8805214488302 4.86138872573248
1.415 35.2995042429584 5.82121395273574
1.42 22.181903959375 4.61203352575935
1.425 16.6843971935231 3.44496437832891
1.43 17.5810538401784 4.67723783940666
1.435 5.89232266453616 3.04011323434891
1.44 2.4484293305919 2.12820615391634
1.445 14.6411497868115 3.92964813742693
1.45 12.68348180318 3.13865440893379
1.455 2.69735464310699 1.17874881889443
1.46 5.04833032357133 1.95368242355276
1.465 2.50626830124996 1.81224646756499
1.47 12.3750384217129 3.24702474817388
1.475 16.9196849389792 4.62958923838155
1.48 11.4638004591507 3.6097938831179
1.485 37.1017731774633 4.9711598851431
1.49 47.3143877783253 5.60790251007993
1.495 35.2504140670951 4.98461235524108
1.5 17.7733719126657 3.43831481441369
