-0.1 376.239817843703
-0.0988988988988989 378.665670071595
-0.0977977977977978 381.116363560699
-0.0966966966966967 383.592250430504
-0.0955955955955956 386.093689198175
-0.0944944944944945 388.621044920464
-0.0933933933933934 391.174689339425
-0.0922922922922923 393.755001031902
-0.0911911911911912 396.362365562877
-0.0900900900900901 398.997175643066
-0.088988988988989 401.659831290617
-0.0878878878878879 404.350739997022
-0.0867867867867868 407.070316897768
-0.0856856856856857 409.818984947209
-0.0845845845845846 412.597175098565
-0.0834834834834835 415.405326488477
-0.0823823823823824 418.243886626737
-0.0812812812812813 421.113311591346
-0.0801801801801802 424.014066228599
-0.0790790790790791 426.946624359044
-0.077977977977978 429.911468988959
-0.0768768768768769 432.909092527696
-0.0757757757757758 435.939997011247
-0.0746746746746747 439.004694331946
-0.0735735735735736 442.103706474719
-0.0724724724724725 445.237565759984
-0.0713713713713714 448.406815093494
-0.0702702702702703 451.612008223208
-0.0691691691691692 454.853710003774
-0.0680680680680681 458.132496668248
-0.066966966966967 461.448956108067
-0.0658658658658659 464.803688160727
-0.0647647647647648 468.197304906394
-0.0636636636636637 471.630430972661
-0.0625625625625626 475.103703848527
-0.0614614614614615 478.617774207676
-0.0603603603603604 482.173306241329
-0.0592592592592593 485.770978000845
-0.0581581581581582 489.411481750868
-0.0570570570570571 493.095524332878
-0.055955955955956 496.823827539729
-0.0548548548548549 500.597128501685
-0.0537537537537538 504.416180084145
-0.0526526526526527 508.28175129744
-0.0515515515515516 512.19462771942
-0.0504504504504505 516.155611930976
-0.0493493493493493 520.165523965081
-0.0482482482482482 524.225201769902
-0.0471471471471471 528.335501686312
-0.046046046046046 532.497298940506
-0.0449449449449449 536.711488152135
-0.0438438438438438 540.978983858678
-0.0427427427427427 545.30072105638
-0.0416416416416416 549.677655758705
-0.0405405405405405 554.110765572567
-0.0394394394394394 558.601050293522
-0.0383383383383383 563.149532519914
-0.0372372372372372 567.757258287462
-0.0361361361361361 572.42529772447
-0.035035035035035 577.154745728638
-0.0339339339339339 581.946722666409
-0.0328328328328328 586.802375095668
-0.0317317317317317 591.722876512367
-0.0306306306306306 596.709428122476
-0.0295295295295295 601.763259640115
-0.0284284284284284 606.885630112543
-0.0273273273273273 612.077828773511
-0.0262262262262262 617.341175925778
-0.0251251251251251 622.677023854282
-0.024024024024024 628.086757770511
-0.0229229229229229 633.571796790328
-0.0218218218218218 639.133594945773
-0.0207207207207207 644.773642232262
-0.0196196196196196 650.493465693292
-0.0185185185185185 656.294630543419
-0.0174174174174174 662.178741331279
-0.0163163163163163 668.147443144843
-0.0152152152152152 674.202422859744
-0.0141141141141141 680.345410433248
-0.013013013013013 686.578180245225
-0.0119119119119119 692.902552488637
-0.0108108108108108 699.320394610997
-0.0097097097097097 705.833622809541
-0.00860860860860861 712.444203582148
-0.0075075075075075 719.154155336279
-0.00640640640640641 725.965550058813
-0.00530530530530531 732.880515048853
-0.0042042042042042 739.901234717137
-0.00310310310310311 747.029952453779
-0.002002002002002 754.268972568526
-0.000900900900900906 761.620662306065
0.000200200200200201 769.08745393978
0.00130130130130131 776.671846947739
0.0024024024024024 784.376410274591
0.00350350350350351 792.203784682735
0.0046046046046046 800.156685197855
0.00570570570570571 808.237903652007
0.00680680680680681 816.450311329659
0.00790790790790791 824.796861721257
0.00900900900900901 833.280593388346
0.0101101101101101 841.904632947723
0.0112112112112112 850.672198177503
0.0123123123123123 859.586601253255
0.0134134134134134 868.651252118788
0.0145145145145145 877.869661999051
0.0156156156156156 887.245447061566
0.0167167167167167 896.782332233738
0.0178178178178178 906.484155183568
0.0189189189189189 916.35487047213
0.02002002002002 926.398553885925
0.0211211211211211 936.619406958374
0.0222222222222222 947.02176168983
0.0233233233233233 957.610085475999
0.0244244244244244 968.388986255782
0.0255255255255255 979.363217889237
0.0266266266266266 990.537685777841
0.0277277277277277 1001.9174527394
0.0288288288288288 1013.50774515113
0.0299299299299299 1025.3139593747
0.031031031031031 1037.34166847826
0.0321321321321321 1049.59662927117
0.0332332332332332 1062.0847896683
0.0343343343343343 1074.81229640125
0.0354354354354355 1087.78550309603
0.0365365365365365 1101.01097873608
0.0376376376376376 1114.49551653305
0.0387387387387387 1128.24614322675
0.0398398398398399 1142.27012883887
0.0409409409409409 1156.57499690569
0.042042042042042 1171.1685352167
0.0431431431431432 1186.05880708774
0.0442442442442443 1201.25416319976
0.0453453453453453 1216.76325403514
0.0464464464464464 1232.59504294662
0.0475475475475476 1248.75881989564
0.0486486486486487 1265.26421589904
0.0497497497497497 1282.12121822733
0.0508508508508509 1299.34018639782
0.051951951951952 1316.93186901071
0.0530530530530531 1334.90742148081
0.0541541541541542 1353.27842471653
0.0552552552552553 1372.05690480643
0.0563563563563564 1391.25535377578
0.0574574574574575 1410.88675147802
0.0585585585585586 1430.96458869358
0.0596596596596597 1451.50289151264
0.0607607607607608 1472.51624708253
0.0618618618618619 1494.01983080845
0.062962962962963 1516.02943510019
0.0640640640640641 1538.5614997672
0.0651651651651652 1561.63314416868
0.0662662662662663 1585.26220123543
0.0673673673673674 1609.46725348849
0.0684684684684685 1634.26767118843
0.0695695695695696 1659.68365275889
0.0706706706706707 1685.73626764083
0.0717717717717718 1712.44750174355
0.0728728728728729 1739.84030567293
0.073973973973974 1767.93864593069
0.0750750750750751 1796.76755929415
0.0761761761761762 1826.35321060103
0.0772772772772773 1856.72295418594
0.0783783783783784 1887.90539922662
0.0794794794794795 1919.93047929093
0.0805805805805806 1952.82952638534
0.0816816816816817 1986.6353498431
0.0827827827827828 2021.38232040931
0.0838838838838839 2057.10645991469
0.084984984984985 2093.84553695929
0.0860860860860861 2131.63916906733
0.0871871871871872 2170.52893180747
0.0882882882882883 2210.55847542206
0.0893893893893894 2251.77364955068
0.0904904904904905 2294.22263668549
0.0915915915915916 2337.9560950527
0.0926926926926927 2383.02731167687
0.0937937937937938 2429.49236644455
0.0948948948948949 2477.41030807081
0.095995995995996 2526.84334293538
0.0970970970970971 2577.85703785965
0.0981981981981982 2630.52053798209
0.0992992992992993 2684.90680099889
0.1004004004004 2741.09284915629
0.101501501501502 2799.16004050362
0.102602602602603 2859.19436106197
0.103703703703704 2921.28673971413
0.104804804804805 2985.53338779351
0.105905905905906 3052.0361655325
0.107007007007007 3120.90297774072
0.108108108108108 3192.24820129921
0.109209209209209 3266.19314731138
0.11031031031031 3342.86656101162
0.111411411411411 3422.40516283373
0.112512512512513 3504.95423435678
0.113613613613614 3590.66825320166
0.114714714714715 3679.7115813286
0.115815815815816 3772.25921160223
0.116916916916917 3868.4975779398
0.118018018018018 3968.62543483665
0.119119119119119 4072.85481259037
0.12022022022022 4181.41205508438
0.121321321321321 4294.53894759074
0.122422422422422 4412.49394265205
0.123523523523524 4535.55349274789
0.124624624624625 4664.01349908615
0.125725725725726 4798.19088650779
0.126826826826827 4938.42531511434
0.127927927927928 5085.08103977773
0.129029029029029 5238.54892919158
0.13013013013013 5399.2486564247
0.131231231231231 5567.63107308913
0.132332332332332 5744.18077903249
0.133433433433433 5929.41889889948
0.134534534534535 6123.90607574206
0.135635635635636 6328.24568997804
0.136736736736737 6543.08730913112
0.137837837837838 6769.13036964647
0.138938938938939 7007.12808632164
0.14004004004004 7257.89157708037
0.141141141141141 7522.29418041661
0.142242242242242 7801.27592924187
0.143343343343343 8095.84812736993
0.144444444444444 8407.09795264293
0.145545545545546 8736.19298286391
0.146646646646647 9084.38550630018
0.147747747747748 9453.01643661495
0.148848848848849 9843.51860177743
0.14994994994995 10257.4191171207
0.151051051051051 10696.3404838377
0.152152152152152 11161.9999760618
0.153253253253253 11656.2067930534
0.154354354354354 12180.8563600353
0.155455455455455 12737.9210650019
0.156556556556557 13329.436624606
0.157657657657658 13957.4831868138
0.158758758758759 14624.1602108622
0.15985985985986 15331.5541276503
0.160960960960961 16081.6977900673
0.162062062062062 16876.5207886258
0.163163163163163 17717.7898502455
0.164264264264264 18607.0387739462
0.165365365365365 19545.487702091
0.166466466466466 20533.9519911591
0.167567567567568 21572.7415372009
0.168668668668669 22661.5521247501
0.16976976976977 23799.3511886947
0.170870870870871 24984.2612775755
0.171971971971972 26213.4454396165
0.173073073073073 27482.999659269
0.174174174174174 28787.8582782647
0.175275275275275 30121.7189556211
0.176376376376376 31476.9940657763
0.177477477477477 32844.7954146565
0.178578578578579 34214.9586936004
0.17967967967968 35576.1131359697
0.180780780780781 36915.8003675797
0.181881881881882 38220.6444673793
0.182982982982983 39476.5728425218
0.184084084084084 40669.0847840192
0.185185185185185 41783.5616625562
0.186286286286286 42805.6098427369
0.187387387387387 43721.4247547912
0.188488488488489 44518.1623874964
0.18958958958959 45184.3029608415
0.190690690690691 45709.9908703683
0.191791791791792 46087.3352791499
0.192892892892893 46310.6570079058
0.193993993993994 46376.669598307
0.195095095095095 46284.5854771027
0.196196196196196 46036.1418346741
0.197297297297297 45635.5448986431
0.198398398398398 45089.3354439514
0.199499499499499 44406.1823398651
0.200600600600601 43596.6144141251
0.201701701701702 42672.7036817033
0.202802802802803 41647.7148707642
0.203903903903904 40535.7370892131
0.205005005005005 39351.3134009727
0.206106106106106 38109.0830898007
0.207207207207207 36823.4496149077
0.208308308308308 35508.2848914074
0.209409409409409 34176.6777745969
0.210510510510511 32840.7317119646
0.211611611611612 31511.4136615336
0.212712712712713 30198.4537408764
0.213813813813814 28910.2928093401
0.214914914914915 27654.0733906582
0.216016016016016 26435.668060427
0.217117117117117 25259.7386545206
0.218218218218218 24129.8193643063
0.219319319319319 23048.4169088443
0.22042042042042 22017.1214308847
0.221521521521522 21036.722462622
0.222622622622623 20107.3251597233
0.223723723723724 19228.4629262601
0.224824824824825 18399.2034797615
0.225925925925926 17618.2462801637
0.227027027027027 16884.0100304773
0.228128128128128 16194.7096266567
0.229229229229229 15548.4224790736
0.23033033033033 14943.1445480705
0.231431431431431 14376.8367393595
0.232532532532533 13847.4625047656
0.233633633633634 13353.0176062188
0.234734734734735 12891.5530430185
0.235835835835836 12461.1921310687
0.236936936936937 12060.1426730266
0.238038038038038 11686.7050833419
0.239139139139139 11339.2772427226
0.24024024024024 11016.3567610203
0.241341341341341 10716.541232221
0.242442442442442 10438.5269744297
0.243543543543544 10181.1066642964
0.244644644644645 9943.16620072964
0.245745745745746 9723.68106762468
0.246846846846847 9521.71240961376
0.247947947947948 9336.40298799709
0.249049049049049 9166.97314528564
0.25015015015015 9012.71687523752
0.251251251251251 8872.99806994534
0.252352352352352 8747.2469955294
0.253453453453453 8634.95703239844
0.254554554554555 8535.68170410455
0.255655655655656 8449.03200988577
0.256756756756757 8374.6740693756
0.257857857857858 8312.32708330398
0.258958958958959 8261.76161074539
0.26006006006006 8222.79816137021
0.261161161161161 8195.30609983272
0.262262262262262 8179.20285868565
0.263363363363363 8174.45345579364
0.264464464464464 8181.07031197649
0.265565565565566 8199.11336429414
0.266666666666667 8228.69046987957
0.267767767767768 8269.95809428626
0.268868868868869 8323.12227676836
0.26996996996997 8388.4398625063
0.271071071071071 8466.21998826663
0.272172172172172 8556.82580302784
0.273273273273273 8660.67639836523
0.274374374374374 8778.24891444121
0.275475475475475 8910.08077584833
0.276576576576577 9056.77199676174
0.277677677677678 9218.98747637201
0.278778778778779 9397.45918275944
0.27987987987988 9592.98809576738
0.280980980980981 9806.44574652812
0.282082082082082 10038.7751527761
0.283183183183183 10290.9909049172
0.284284284284284 10564.1781082774
0.285385385385385 10859.489832871
0.286486486486487 11178.1426649279
0.287587587587588 11521.4098966869
0.288688688688689 11890.611836017
0.28978978978979 12287.1026699931
0.290890890890891 12712.2532825454
0.291991991991992 13167.4294131312
0.293093093093093 13653.9645595714
0.294194194194194 14173.1270833542
0.295295295295295 14726.0810797749
0.296396396396396 15313.8407380433
0.297497497497498 15937.2181462904
0.298598598598599 16596.7647991367
0.2996996996997 17292.7074428778
0.300800800800801 18024.8793417053
0.301901901901902 18792.648556715
0.303003003003003 19594.8453786611
0.304104104104104 20429.6916171231
0.305205205205205 21294.73498571
0.306306306306306 22186.792289606
0.307407407407407 23101.9054669462
0.308508508508509 24035.3147051078
0.30960960960961 24981.4527953826
0.310710710710711 25933.9645598947
0.311811811811812 26885.7545523744
0.312912912912913 27829.0652875799
0.314014014014014 28755.5870056258
0.315115115115115 29656.598467534
0.316216216216216 30523.1365765164
0.317317317317317 31346.1908220098
0.318418418418418 32116.9167690063
0.31951951951952 32826.8611961575
0.320620620620621 33468.1901581783
0.321721721721722 34033.9103380154
0.322822822822823 34518.0736666724
0.323923923923924 34915.9553945079
0.325025025025025 35224.1966249716
0.326126126126126 35440.9037492068
0.327227227227227 35565.6991769891
0.328328328328328 35599.7201298233
0.329429429429429 35545.5648926046
0.330530530530531 35407.1886339073
0.331631631631632 35189.753516232
0.332732732732733 34899.4401481661
0.333833833833834 34543.2293257522
0.334934934934935 34128.6643508494
0.336036036036036 33663.6049257752
0.337137137137137 33155.9836801854
0.338238238238238 32613.5758111733
0.339339339339339 32043.7911770656
0.34044044044044 31453.4965810955
0.341541541541542 30848.8740386813
0.342642642642643 30235.3186802923
0.343743743743744 29617.3777408111
0.344844844844845 28998.729957715
0.345945945945946 28382.2027596376
0.347047047047047 27769.8229677511
0.348148148148148 27162.8954235091
0.349249249249249 26562.1030409027
0.35035035035035 25967.621277038
0.351451451451452 25379.2399163527
0.352552552552553 24796.4853448399
0.353653653653654 24218.7371078523
0.354754754754755 23645.3334405905
0.355855855855856 23075.6615660665
0.356956956956957 22509.2297961104
0.358058058058058 21945.7197690576
0.359159159159159 21385.0184361788
0.36026026026026 20827.2305964571
0.361361361361361 20272.6738132911
0.362462462462462 19721.8583773226
0.363563563563564 19175.4555721471
0.364664664664665 18634.2578363395
0.365765765765766 18099.1344959357
0.366866866866867 17570.9865826082
0.367967967967968 17050.7038858475
0.369069069069069 16539.1268555404
0.37017017017017 16037.01532566
0.371271271271271 15545.0253252388
0.372372372372372 15063.6945336134
0.373473473473473 14593.43627282
0.374574574574575 14134.5413526287
0.375675675675676 13687.1866243473
0.376776776776777 13251.4487775386
0.377877877877878 12827.3217363849
0.378978978978979 12414.7359752584
0.38008008008008 12013.5781615943
0.381181181181181 11623.709726341
0.382282282282282 11244.9832304886
0.383383383383383 10877.2557106299
0.384484484484484 10520.3985174523
0.385585585585586 10174.303481403
0.386686686686687 9838.88552678129
0.387787787787788 9514.08209223367
0.388888888888889 9199.84989142411
0.38998998998999 8896.15965818013
0.391091091091091 8602.98956725011
0.392192192192192 8320.31801124754
0.393293293293293 8048.11635632549
0.394394394394394 7786.34220577412
0.395495495495496 7534.93358489994
0.396596596596597 7293.80433482171
0.397697697697698 7062.84087825634
0.398798798798799 6841.90040599335
0.3998998998999 6630.81043513035
0.401001001001001 6429.36961322914
0.402102102102102 6237.34958794632
0.403203203203203 6054.49772893274
0.404304304304304 5880.54047581755
0.405405405405405 5715.18708977158
0.406506506506507 5558.13360274497
0.407607607607608 5409.06678411915
0.408708708708709 5267.66797555539
0.40980980980981 5133.61667798859
0.410910910910911 5006.59380744175
0.412012012012012 4886.28456661088
0.413113113113113 4772.38090572717
0.414214214214214 4664.58356828053
0.415315315315315 4562.6037345657
0.416416416416416 4466.16428885209
0.417517517517518 4375.00074462526
0.418618618618619 4288.86186744139
0.41971971971972 4207.51003705537
0.420820820820821 4130.7213903198
0.421921921921922 4058.28578450121
0.423023023023023 3990.00661765228
0.424124124124124 3925.70053900013
0.425225225225225 3865.19707828668
0.426326326326326 3808.33821894266
0.427427427427427 3754.97793606232
0.428528528528529 3704.98171652198
0.42962962962963 3658.22607532799
0.430730730730731 3614.59807941656
0.431831831831832 3573.9948876832
0.432932932932933 3536.32331395709
0.434034034034034 3501.49941794857
0.435135135135135 3469.44812782806
0.436236236236236 3440.10289702339
0.437337337337337 3413.4053969934
0.438438438438439 3389.30524711764
0.43953953953954 3367.75978240571
0.440640640640641 3348.73385942819
0.441741741741742 3332.19970070355
0.442842842842843 3318.13677768328
0.443943943943944 3306.53173248708
0.445045045045045 3297.37833858083
0.446146146146146 3290.6775007098
0.447247247247247 3286.43729452484
0.448348348348348 3284.67304651597
0.44944944944945 3285.40745504855
0.450550550550551 3288.67075349046
0.451651651651652 3294.50091662183
0.452752752752753 3302.94391170576
0.453853853853854 3314.05399578375
0.454954954954955 3327.89406090588
0.456056056056056 3344.53602912701
0.457157157157157 3364.06129915176
0.458258258258258 3386.5612465069
0.459359359359359 3412.13777898686
0.460460460460461 3440.90394888388
0.461561561561562 3472.98462307746
0.462662662662663 3508.51721142548
0.463763763763764 3547.65245297389
0.464864864864865 3590.55525823997
0.465965965965966 3637.40560414332
0.467067067067067 3688.39947595357
0.468168168168168 3743.74984782936
0.469269269269269 3803.68769000216
0.47037037037037 3868.46298632098
0.471471471471472 3938.34574062451
0.472572572572573 4013.62694413596
0.473673673673674 4094.61946874758
0.474774774774775 4181.65884263867
0.475875875875876 4275.10385520932
0.476976976976977 4375.33692793411
0.478078078078078 4482.7641766855
0.479179179179179 4597.81507970324
0.48028028028028 4720.94165421314
0.481381381381381 4852.61703440156
0.482482482482483 4993.33333485359
0.483583583583584 5143.59867765245
0.484684684684685 5303.93325921461
0.485785785785786 5474.8643357167
0.486886886886887 5656.92001480892
0.487987987987988 5850.62175714596
0.489089089089089 6056.4755148735
0.49019019019019 6274.96146589199
0.491291291291291 6506.52234235493
0.492392392392392 6751.55039870826
0.493493493493494 7010.37311723973
0.494594594594595 7283.2378056246
0.495695695695696 7570.2952988106
0.496796796796797 7871.5830339445
0.497897897897898 8187.00781902008
0.498998998998999 8516.32866088765
0.5001001001001 8859.14005413598
0.501201201201201 9214.85615802574
0.502302302302302 9582.69630405211
0.503403403403404 9961.67228295563
0.504504504504505 10350.5778593104
0.505605605605606 10747.9809569017
0.506706706706707 11152.218951959
0.507807807807808 11561.3975061405
0.508908908908909 11973.3933677437
0.51001001001001 12385.8615666065
0.511111111111111 12796.2474214464
0.512212212212212 13201.8037610365
0.513313313313313 13599.6137233556
0.514414414414414 13986.6194286577
0.515515515515516 14359.6567124031
0.516616616616617 14715.4959428439
0.517717717717718 15050.8887304732
0.518818818818819 15362.6200627971
0.51991991991992 15647.5650757541
0.521021021021021 15902.7493182261
0.522122122122122 16125.4110021677
0.523223223223223 16313.0633877832
0.524324324324324 16463.5551650907
0.525425425425425 16575.1264944927
0.526526526526527 16646.4582908902
0.527627627627628 16676.7124021397
0.528728728728729 16665.5605560134
0.52982982982983 16613.2003297096
0.530930930930931 16520.3569169766
0.532032032032032 16388.2701008609
0.533133133133133 16218.6665437063
0.534234234234234 16013.7182309662
0.535335335335335 15775.9885987483
0.536436436436436 15508.3684854551
0.537537537537538 15214.0045309297
0.538638638638639 14896.2229682125
0.53973973973974 14558.4518936598
0.540840840840841 14204.1450560803
0.541941941941942 13836.7099853059
0.543043043043043 13459.4429090523
0.544144144144144 13075.4724183769
0.545245245245245 12687.7132773046
0.546346346346346 12298.831174638
0.547447447447448 11911.2186275563
0.548548548548549 11526.9817043863
0.54964964964965 11147.9367677473
0.550750750750751 10775.6160699379
0.551851851851852 10411.2807715285
0.552952952952953 10055.9398040095
0.554054054054054 9710.37295260904
0.555155155155155 9375.15658412336
0.556256256256256 9050.69057048751
0.557357357357357 8737.22514277897
0.558458458458459 8434.88663264366
0.55955955955956 8143.70129939604
0.560660660660661 7863.61668402015
0.561761761761762 7594.52016125826
0.562862862862863 7336.25456645556
0.563963963963964 7088.63094689074
0.565065065065065 6851.43862332688
0.566166166166166 6624.45284503451
0.567267267267267 6407.440381904
0.568368368368368 6200.16342392688
0.56946946946947 6002.38215644251
0.570570570570571 5813.85635521972
0.571671671671672 5634.34630511773
0.572772772772773 5463.61329617571
0.573873873873874 5301.41989718156
0.574974974974975 5147.53015397796
0.576076076076076 5001.70981159282
0.577177177177177 4863.7266183111
0.578278278278278 4733.35073725387
0.579379379379379 4610.35526728557
0.580480480480481 4494.51685950103
0.581581581581582 4385.61640708049
0.582682682682683 4283.43978341936
0.583783783783784 4187.77860459555
0.584884884884885 4098.43099586454
0.585985985985986 4015.20234671276
0.587087087087087 3937.90604399237
0.588188188188188 3866.36417713662
0.589289289289289 3800.40821298732
0.59039039039039 3739.87964023676
0.591491491491492 3684.63058492043
0.592592592592593 3634.52439897391
0.593693693693694 3589.43622381735
0.594794794794795 3549.25353045551
0.595895895895896 3513.87663690732
0.596996996996997 3483.21920299482
0.598098098098098 3457.20870172393
0.599199199199199 3435.78686564425
0.6003003003003 3418.91010565751
0.601401401401402 3406.54989862112
0.602502502502503 3398.69313869161
0.603603603603604 3395.34244551139
0.604704704704705 3396.51641999408
0.605805805805806 3402.24983549469
0.606906906906907 3412.59374854188
0.608008008008008 3427.61550904031
0.609109109109109 3447.3986450026
0.61021021021021 3472.04259154738
0.611311311311311 3501.66222832748
0.612412412412413 3536.38718399303
0.613513513513514 3576.36086116718
0.614614614614615 3621.7391311631
0.615715715715716 3672.68864492176
0.616816816816817 3729.38470603872
0.617917917917918 3792.00865403578
0.619019019019019 3860.7447119793
0.62012012012012 3935.77626289058
0.621221221221221 4017.28153478756
0.622322322322322 4105.42869511017
0.623423423423423 4200.37038188196
0.624524524524525 4302.23773105672
0.625625625625626 4411.13399640082
0.626726726726727 4527.12789869509
0.627827827827828 4650.24688316682
0.628928928928929 4780.47050535405
0.63003003003003 4917.72420307214
0.631131131131131 5061.87374230632
0.632232232232232 5212.72064407943
0.633333333333333 5369.99890404603
0.634434434434434 5533.37330363771
0.635535535535536 5702.43957867507
0.636636636636637 5876.72665733241
0.637737737737738 6055.70110451615
0.638838838838839 6238.7738161987
0.63993993993994 6425.30889886022
0.641041041041041 6614.63455163784
0.642142142142142 6806.05564902335
0.643243243243243 6998.86760815176
0.644344344344344 7192.37102518809
0.645445445445445 7385.88648817762
0.646546546546547 7578.76892578188
0.647647647647648 7770.42083762783
0.648748748748749 7960.30377516773
0.64984984984985 8147.94750174404
0.650950950950951 8332.95635408292
0.652052052052052 8515.01244905027
0.653153153153153 8693.87552171117
0.654254254254254 8869.37933464773
0.655355355355355 9041.42475489326
0.656456456456457 9209.96974506463
0.657557557557558 9375.01665177078
0.658658658658659 9536.59729162785
0.65975975975976 9694.7564294197
0.660860860860861 9849.53431259414
0.661961961961962 10000.9489711306
0.663063063063063 10148.9790127709
0.664164164164164 10293.5476418771
0.665265265265265 10434.5086066521
0.666366366366366 10571.6347344246
0.667467467467468 10704.6096476042
0.668568568568569 10833.023162638
0.66966966966967 10956.3707596431
0.670770770770771 11074.0573707927
0.671871871871872 11185.4055719601
0.672972972972973 11289.6680776683
0.674074074074074 11386.0442399727
0.675175175175175 11473.7000462955
0.676276276276276 11551.790910867
0.677377377377377 11619.4863726066
0.678478478478479 11675.9956632935
0.67957957957958 11720.5930072844
0.680680680680681 11752.641469699
0.681781781781782 11771.6141922217
0.682882882882883 11777.1119485023
0.683983983983984 11768.8761132814
0.685085085085085 11746.7963641684
0.686186186186186 11710.9127104874
0.687287287287287 11661.4117533466
0.688388388388388 11598.6174052224
0.68948948948949 11522.9766141888
0.690590590590591 11435.040925405
0.691691691691692 11335.44495014
0.692792792792793 11224.8829829869
0.693893893893894 11104.0850981582
0.694994994994995 10973.794058621
0.696096096096096 10834.7442865235
0.697197197197197 10687.6439755644
0.698298298298298 10533.1611877874
0.699399399399399 10371.9144861561
0.700500500500501 10204.46833186
0.701601601601602 10031.3331457764
0.702702702702703 9852.96962129795
0.703803803803804 9669.79660405804
0.704904904904905 9482.20164225807
0.706006006006006 9290.55317382259
0.707107107107107 9095.21326131333
0.708208208208208 8896.54981350807
0.709309309309309 8694.94733783797
0.710410410410411 8490.81543835765
0.711511511511512 8284.59449265849
0.712612612612613 8076.75818788822
0.713713713713714 7867.81284955344
0.714814814814815 7658.29373646389
0.715915915915916 7448.75868316703
0.717017017017017 7239.77963368406
0.718118118118118 7031.93271841834
0.719219219219219 6825.78757635909
0.72032032032032 6621.89661881948
0.721421421421422 6420.78487519841
0.722522522522523 6222.94096530498
0.723623623623624 6028.80961857538
0.724724724724725 5838.78602078288
0.725825825825826 5653.21212605918
0.726926926926927 5472.37493720503
0.728028028028028 5296.50663929975
0.729129129129129 5125.7863767782
0.73023023023023 4960.34339602889
0.731331331331331 4800.26123515347
0.732432432432433 4645.58262853718
0.733533533533534 4496.31480326034
0.734634634634635 4352.43487285487
0.735735735735736 4213.89507648918
0.736836836836837 4080.62766318101
0.737937937937938 3952.54927613837
0.739039039039039 3829.564747421
0.74014014014014 3711.57026416034
0.741241241241241 3598.45591184537
0.742342342342342 3490.10763586619
0.743443443443443 3386.40868871719
0.744544544544545 3287.24064688681
0.745645645645646 3192.48408912379
0.746746746746747 3102.0190275714
0.747847847847848 3015.72517670463
0.748948948948949 2933.48213376978
0.75005005005005 2855.16953024479
0.751151151151151 2780.66719834386
0.752252252252252 2709.85538121462
0.753353353353353 2642.6150013895
0.754454454454455 2578.82799008479
0.755555555555556 2518.37767059857
0.756656656656657 2461.14918255749
0.757757757757758 2407.02993000972
0.758858858858859 2355.91003508581
0.75995995995996 2307.68277971294
0.761061061061061 2262.24502016136
0.762162162162162 2219.49756248436
0.763263263263263 2179.34549068829
0.764364364364365 2141.6984433017
0.765465465465466 2106.47083755845
0.766566566566567 2073.58204343247
0.767667667667668 2042.95651212561
0.768768768768769 2014.52386526274
0.76986986986987 1988.21895202119
0.770970970970971 1963.9818817911
0.772072072072072 1941.75803984166
0.773173173173173 1921.4980929837
0.774274274274274 1903.15799149832
0.775375375375375 1886.69897275601
0.776476476476477 1872.08757107738
0.777577577577578 1859.29563755662
0.778678678678679 1848.30037282675
0.77977977977978 1839.08437512311
0.780880880880881 1831.63570549742
0.781981981981982 1825.94797164764
0.783083083083083 1822.0204315362
0.784184184184184 1819.85811774539
0.785285285285285 1819.47198333067
0.786386386386386 1820.8790697532
0.787487487487488 1824.10269725409
0.788588588588589 1829.17267775772
0.78968968968969 1836.12555000436
0.790790790790791 1845.00483609221
0.791891891891892 1855.86131791094
0.792992992992993 1868.75333103348
0.794094094094094 1883.74707246458
0.795195195195195 1900.91691718238
0.796296296296296 1920.34573661174
0.797397397397397 1942.12521000779
0.798498498498499 1966.35611717429
0.7995995995996 1993.14859798457
0.800700700700701 2022.62236082395
0.801801801801802 2054.90681836494
0.802902902902903 2090.14112510008
0.804004004004004 2128.47408691227
0.805105105105105 2170.06390883913
0.806206206206206 2215.07774332802
0.807307307307307 2263.69099799555
0.808408408408408 2316.08635957241
0.80950950950951 2372.45248976777
0.810610610610611 2432.98234970484
0.811711711711712 2497.87111283954
0.812812812812813 2567.31363234465
0.813913913913914 2641.50143819688
0.815015015015015 2720.61925189063
0.816116116116116 2804.84102286602
0.817217217217217 2894.3255101686
0.818318318318318 2989.21145502991
0.81941941941942 3089.61241412092
0.820520520520521 3195.61134798339
0.821621621621622 3307.25508309957
0.822722722722723 3424.54878749749
0.823823823823824 3547.45061690524
0.824924924924925 3675.86669951423
0.826026026026026 3809.64663090198
0.827127127127127 3948.57964556187
0.828228228228228 4092.39161737695
0.829329329329329 4240.74301861541
0.830430430430431 4393.22793678993
0.831531531531532 4549.37421300405
0.832632632632633 4708.64472684105
0.833733733733734 4870.43981453483
0.834834834834835 5034.10077229417
0.835935935935936 5198.91436817199
0.837037037037037 5364.1182661039
0.838138138138138 5528.90725598676
0.839239239239239 5692.4401840622
0.84034034034034 5853.84748716108
0.841441441441442 6012.23925009762
0.842542542542543 6166.71372417122
0.843643643643644 6316.36626224997
0.844744744744745 6460.29863809649
0.845845845845846 6597.62872075876
0.846946946946947 6727.50046635102
0.848048048048048 6849.09416820927
0.849149149149149 6961.63687282743
0.85025025025025 7064.41282555616
0.851351351351351 7156.77376080853
0.852452452452452 7238.14880172422
0.853553553553554 7308.05368983809
0.854654654654655 7366.09903218693
0.855755755755756 7411.99723672712
0.856856856856857 7445.56781088897
0.857957957957958 7466.74072475565
0.859059059059059 7475.55758997499
0.86016016016016 7472.17047623489
0.861261261261261 7456.83827531267
0.862362362362362 7429.92062313962
0.863463463463464 7391.86949680251
0.864564564564565 7343.21870922674
0.865665665665666 7284.57162277573
0.866766766766767 7216.58748799819
0.867867867867868 7139.96687999222
0.868968968968969 7055.43674826493
0.87007007007007 6963.73561382676
0.871171171171171 6865.59943834799
0.872272272272272 6761.74865476558
0.873373373373374 6652.87678850313
0.874474474474475 6539.64101654285
0.875575575575576 6422.65491236515
0.876676676676677 6302.48351367021
0.877777777777778 6179.64073309232
0.878878878878879 6054.58901655344
0.87997997997998 5927.7410463344
0.881081081081081 5799.46319284162
0.882182182182182 5670.08034606465
0.883283283283283 5539.88170921321
0.884384384384384 5409.12711566399
0.885485485485486 5278.05343688035
0.886586586586587 5146.88068208979
0.887687687687688 5015.81744695346
0.888788788788789 4885.06544328012
0.88988988988989 4754.82292881589
0.890990990990991 4625.28694835038
0.892092092092092 4496.65438780777
0.893193193193193 4369.12192513166
0.894294294294294 4242.88503018873
0.895395395395395 4118.1362166264
0.896496496496497 3995.06277939029
0.897597597597598 3873.84426197666
0.898698698698699 3754.64988871801
0.8997997997998 3637.63617215584
0.900900900900901 3522.94486759827
0.902002002002002 3410.70140068252
0.903103103103103 3301.01384374898
0.904204204204204 3193.97246743484
0.905305305305305 3089.64984889746
0.906406406406406 2988.10148043315
0.907507507507508 2889.36679394011
0.908608608608609 2793.47049865309
0.90970970970971 2700.42412183694
0.910810810810811 2610.22764384361
0.911911911911912 2522.8711286126
0.913013013013013 2438.33626642151
0.914114114114114 2356.59776533202
0.915215215215215 2277.62454919439
0.916316316316316 2201.38074130342
0.917417417417418 2127.82643218764
0.918518518518519 2056.91824630397
0.91961961961962 1988.60973479653
0.920720720720721 1922.85162959083
0.921821821821822 1859.59199797964
0.922922922922923 1798.77633689697
0.924024024024024 1740.34764291075
0.925125125125125 1684.24648839491
0.926226226226226 1630.41112723825
0.927327327327327 1578.7776456582
0.928428428428428 1529.28016598055
0.92952952952953 1481.8511042441
0.930630630630631 1436.42147664726
0.931731731731732 1392.92124544936
0.932832832832833 1351.27969207581
0.933933933933934 1311.42580380556
0.935035035035035 1273.28866038015
0.936136136136136 1236.79780791609
0.937237237237237 1201.88360933848
0.938338338338338 1168.47756288177
0.93943943943944 1136.51258274429
0.940540540540541 1105.92323849136
0.941641641641642 1076.64595209461
0.942742742742743 1048.61915343724
0.943843843843844 1021.7833966388
0.944944944944945 996.081440633999
0.946046046046046 971.458298100136
0.947147147147147 947.861257115545
0.948248248248248 925.23987991756
0.949349349349349 903.545982887507
0.950450450450451 882.733601497638
0.951551551551552 862.758943482726
0.952652652652653 843.580332997475
0.953753753753754 825.158148039149
0.954854854854855 807.454752978284
0.955955955955956 790.434427666093
0.957057057057057 774.063294281526
0.958158158158158 758.309242841351
0.959259259259259 743.141856114149
0.96036036036036 728.532334545447
0.961461461461461 714.453421701756
0.962562562562563 700.879330668071
0.963663663663664 687.785671774527
0.964764764764765 675.149381978189
0.965865865865866 662.948656179674
0.966966966966967 651.162880708562
0.968068068068068 639.772569166355
0.969169169169169 628.75930077003
0.97027027027027 618.105661295015
0.971371371371372 607.795186674733
0.972472472472473 597.812309275576
0.973573573573574 588.142306833115
0.974674674674675 578.771254007337
0.975775775775776 569.685976492913
0.976876876876877 560.874007603666
0.977977977977978 552.323547239265
0.979079079079079 544.023423134932
0.98018018018018 535.963054291861
0.981281281281281 528.132416485269
0.982382382382382 520.522009748408
0.983483483483484 513.122827733999
0.984584584584585 505.926328857615
0.985685685685686 498.924409131987
0.986786786786787 492.109376604761
0.987887887887888 485.473927316315
0.988988988988989 479.011122697877
0.99009009009009 472.71436833316
0.991191191191191 466.577394010444
0.992292292292292 460.594234994215
0.993393393393393 454.759214448616
0.994494494494495 449.066926947434
0.995595595595596 443.512223007727
0.996696696696697 438.09019458708
0.997797797797798 432.796161486335
0.998898898898899 427.625658602787
1 422.574423981088
