-0.1 13.7297723489998 5.27004196718238
-0.095 8.04474932744154 3.94182075656878
-0.09 4.87951809259807 3.22073769273111
-0.085 17.6624544101962 4.7212834543846
-0.08 32.0623212512228 6.39870851240443
-0.075 59.042278140562 8.16706228801749
-0.07 58.6995204209044 7.83288011703036
-0.065 37.8984856561597 6.72934957529813
-0.06 44.0594552098576 7.66397655506441
-0.055 71.0343452820778 10.4905882577492
-0.05 110.532132878584 12.0257764994783
-0.045 94.9758065103906 10.1689715635687
-0.04 94.2482639656908 10.2463695840699
-0.035 125.370799079927 11.8108627795185
-0.03 229.000654515776 15.8325962838719
-0.025 448.347160094195 21.8706074083141
-0.02 678.758979396528 26.8548417462848
-0.015 818.76437750612 29.4432048888709
-0.01 925.315072020687 31.2812891418033
-0.005 1055.56254406425 39.0410678939712
0 1001.53293961255 37.1251036266647
0.00499999999999999 1028.45756426837 32.9457561316061
0.01 1047.24407581535 33.244465787601
0.015 842.263145862807 29.7056682878193
0.02 628.044172933992 25.8064703327834
0.025 458.761843338283 21.9487310861315
0.03 298.629961442661 17.7114214822565
0.035 189.451970422892 13.9779930271758
0.04 101.198857480846 10.3587594229346
0.045 66.1981614812712 8.31280716035715
0.05 37.9738502996769 7.06769208534712
0.055 28.0313483586133 6.49164931623964
0.06 13.2320144129368 3.70210761498309
0.065 24.8472347018388 4.82979131392402
0.07 28.1800822655212 6.97939824036293
0.075 24.7746071236115 7.20157045053539
0.08 37.9598173899127 7.73496454133546
0.085 52.698612895051 7.50497725852216
0.09 20.4847576528169 5.22416222774626
0.095 11.1620709316407 3.61215381800083
0.1 2.21970713693868 2.09555311695914
0.105 22.8708768622453 5.40956219394927
0.11 40.2157991709839 6.49892353064515
0.115 38.7253619317643 6.77260079358434
0.12 69.324015613477 8.66047320715995
0.125 107.448507424176 10.7408821479171
0.13 150.279256925527 12.6136673735821
0.135 219.740650240323 15.2406792665875
0.14 276.168908013365 16.962016597621
0.145 297.435263059718 17.6070638106772
0.15 300.141094696329 20.2839299054887
0.155 438.114179410921 23.9855160132612
0.16 697.259390939611 26.9730772269064
0.165 1048.73193290595 32.8685777444823
0.17 1310.56710838831 36.8104933674463
0.175 1494.2203935116 39.2784859399382
0.18 1631.45274421405 41.0323934978406
0.185 1689.84228620819 41.7487222657276
0.19 1713.6776985611 42.0266898958585
0.195 1711.17050828381 41.9912548754909
0.2 1605.71556789461 46.3929159030422
0.205 1314.71806134052 42.990135735458
0.21 935.120054481719 31.1015325100909
0.215 645.758908558169 25.8200183295551
0.22 440.784040137197 21.349073355386
0.225 290.162336181476 17.4031137303937
0.23 161.698378640002 12.5269520431407
0.235 76.2872848299336 8.94930747336442
0.24 68.4876810914974 8.39574321939184
0.245 28.7826228937544 5.87514503352518
0.25 21.6533702749442 6.28495273144889
0.255 47.8395697864691 8.01372652657985
0.26 8.42767835485663 2.97973885099626
0.265 16.6996800181197 4.20952153084604
0.27 27.6592020789553 5.42295082232949
0.275 29.9218922199955 6.59351917529503
0.28 41.3845776061298 7.73192777072902
0.285 53.9760971249359 7.48686410757503
0.29 40.6922637479722 6.68727050139962
0.295 50.4266999409012 7.48361917976117
0.3 139.286889396977 14.8280172322558
0.305 170.279285687693 15.0680113500489
0.31 167.573695726308 13.0519198340869
0.315 161.340583894369 12.8095271165358
0.32 222.324338725421 14.7897154246249
0.325 246.30693297789 15.702176383275
0.33 228.169387628664 15.1205720706288
0.335 251.506980153909 15.7926220990141
0.34 298.27014727939 17.2450143515761
0.345 315.806958677673 17.7605845860302
0.35 284.687790597143 19.5226372620405
0.355 275.634959677083 18.7936224123148
0.36 275.491472036266 16.5149908718878
0.365 216.144699580047 14.5802012651213
0.37 189.144064305704 13.9141249418647
0.375 194.584791039782 14.0612655758827
0.38 148.641434267307 11.976446782672
0.385 110.985311399795 10.4951459199491
0.39 90.3206209493278 9.28597212582769
0.395 23.365954109826 4.9613508981813
0.4 13.7573378195706 4.08618014208626
0.405 6.65406094991399 3.63683454721931
0.41 22.6721197165238 5.54264080808478
0.415 25.4396770300692 5.40795893507895
0.42 29.5844998334926 5.46298328863144
0.425 22.9807785634909 4.82428930909745
0.43 14.2055275466843 3.98962676161715
0.435 12.2742131363556 3.47357801896334
0.44 26.847555360642 4.66468035195154
0.445 39.5874209807334 6.7959947069067
0.45 10.3589664463043 5.62429519232425
0.455 36.7675750816776 6.91467045591282
0.46 90.710041472459 13.4083874926148
0.465 48.6422225717686 7.81398265192397
0.47 40.894899555863 6.53324661174948
0.475 28.7999984345768 5.48810973727698
0.48 15.9269467378975 5.07901515072157
0.485 39.3149314568189 8.24413056699968
0.49 74.6865674329126 9.11988825513814
0.495 90.8703343675163 9.92280988696023
0.5 64.5393431550878 8.8183656211859
0.505 45.8673180696391 8.22409771043339
0.51 72.575009109966 9.41171787652585
0.515 108.576063375377 10.6355668379728
0.52 137.474239018149 12.0042341964577
0.525 128.448249004643 11.570303133555
0.53 82.4038606797258 9.40304435887976
0.535 60.6301675333733 8.33932978807868
0.54 63.84167856851 8.26687550341849
0.545 88.9718477803259 9.36294599342292
0.55 121.323330806495 11.2364206975232
0.555 57.8294852378287 8.45979343840847
0.56 9.44334488039098 5.44183577916924
0.565 28.8791041785618 6.83307099977431
0.57 28.4824509873449 7.36750398973756
0.575 13.2991068791798 5.4535312061745
0.58 21.444959713563 5.29993537249478
0.585 27.0931077897934 6.557015355618
0.59 22.1830490180797 6.59539270853525
0.595 27.674117863396 6.06446671841669
0.6 19.5558616503936 4.65785440236841
0.605 9.31461420648176 4.29226484363211
0.61 11.0578726475636 5.87879261642117
0.615 76.2947040492303 9.57217441351532
0.62 46.5859541100143 6.45297229394681
0.625 28.8722218564292 5.45475881884442
0.63 33.1165899320872 5.99944029057126
0.635 53.0562363574482 8.08601984022869
0.64 79.5639499311418 10.0516007080888
0.645 61.3332266947418 8.22802571692375
0.65 63.3162993748576 8.77100749083207
0.655 121.682107701091 14.6091962405827
0.66 191.800399818233 16.4156188105024
0.665 269.567546975781 17.853420916659
0.67 309.076879527824 18.9954768625938
0.675 277.347951951775 17.8025186495654
0.68 247.095156334924 16.8464747462004
0.685 253.955623362392 17.118893889677
0.69 223.829644455969 16.0797293278431
0.695 185.860071942314 14.7305334253008
0.7 197.65778714561 15.0835980078103
0.705 145.552578957336 14.1817874647875
0.71 33.0677006078727 8.78936991571497
0.715 25.5539205213213 7.48763649475386
0.72 47.8982969805694 8.04357640005239
0.725 38.5553015915017 6.59234384599558
0.73 10.6694451339214 3.89307739684265
0.735 27.0659823477782 5.16166017783631
0.74 34.8533889158021 5.78657546921936
0.745 0.958268877608029 1.44504426873778
0.75 4.98438850665383 1.85889495794154
0.755 32.2789050040308 7.17552868914765
0.76 39.0733383762864 8.75146785389263
0.765 30.6901563602247 7.42567598076844
0.77 39.6847253672308 8.86987523827981
0.775 48.679294374237 10.3140744957912
0.78 30.0393688352323 7.81690950109849
0.785 17.2538984587911 6.26473998130449
0.79 21.4495733191316 6.71350094745734
0.795 17.266831142394 5.08531387098276
0.8 13.7852406311219 4.72002197509943
0.805 5.73816980333535 2.93858125169564
0.81 9.33236329295359 3.31235173297756
0.815 15.4750630723323 4.25916085842506
0.82 26.9779914501953 5.52890169567854
0.825 71.5952121634046 9.35962738644739
0.83 68.2922179277665 9.21319221795871
0.835 48.7549401293298 7.67346554788322
0.84 56.9873470009848 8.19902754144049
0.845 61.8454880716407 8.78926646368965
0.85 46.4961868322746 8.08208972226195
0.855 24.8924794891453 6.98492180016358
0.86 107.32668450662 11.8575133643843
0.865 90.9971604613984 10.5196265653634
0.87 42.5765039177394 6.84958587622343
0.875 19.4513675474207 4.79859372865786
0.88 17.7854375525362 5.44020796373744
0.885 20.4983388749604 6.43663670883736
0.89 7.8582550674532 3.30755585733901
0.895 2.41839677700429 1.88634303345875
0.9 11.5132109262345 3.44715968317837
0.905 34.0549805366614 7.7799202035324
0.91 37.5707169164773 9.04345999990005
0.915 24.2143106200915 7.58523802216667
0.92 10.8579043237058 6.12701604443329
0.925 8.2792129448566 4.66189803924391
0.93 13.673443004019 4.42023950956316
0.935 6.15159040918903 2.44634385468431
0.94 17.4001456343601 4.65076273193995
0.945 37.964109405933 8.45826192981984
0.95 37.0234444883929 7.37287542526801
0.955 22.7235940387219 6.09270233963963
0.96 22.1684543075927 5.22010593453976
0.965 22.1350118681177 6.23716677600687
0.97 8.08196201552456 3.83194248239481
0.975 12.2930736839791 3.85398909302638
0.98 19.818081414644 4.47424476124686
0.985 26.7025833918496 5.25506036850144
0.99 23.5780328314161 5.09097277656991
0.995 21.5094851860036 5.73636067499415
1 27.4634310941731 7.14686879063401
1.005 17.1336765698194 5.67073503352234
1.01 9.086342659589 4.26988756347065
1.015 6.3668101408415 4.54612989764279
1.02 11.171004728405 5.66903818762988
1.025 53.6937949133886 7.45367811921787
1.03 42.2357199409704 6.27106967178291
1.035 28.921215738277 6.35226452765439
1.04 42.1803376924554 7.43177710847785
1.045 44.6135947119299 6.50639192170212
1.05 27.7293364165342 5.58973615599173
1.055 22.1823236869073 5.14556117444308
1.06 7.31528748735524 3.4735201003771
1.065 4.8835645001389 2.4283264579024
1.07 17.8450550011178 3.8140490427338
1.075 36.4875843354294 6.26204481524569
1.08 28.1402636629556 5.40801128650989
1.085 17.8417621179319 3.93808384355569
1.09 22.5774299159096 4.3841316895299
1.095 11.3582070683664 4.01873510243521
1.1 5.1662020731055 3.43691072234926
1.105 16.3415005959491 3.76830038331333
1.11 27.8348412280419 5.27477486447125
1.115 15.5280770452865 4.11718268968124
1.12 8.93940468998518 2.83456472076333
1.125 10.9346737852112 3.15414328333356
1.13 13.0671846444084 3.62778394660875
1.135 12.7419608226147 3.87574922979788
1.14 12.4167370008209 4.123714512987
1.145 13.5630911365917 4.18119181981413
1.15 14.9269858274022 3.98365365681482
1.155 10.5521496676403 3.88960218361083
1.16 8.49582336485178 3.31322353302958
1.165 6.43949706206316 2.73684488244829
1.17 4.38317075927463 2.16046623186703
1.175 2.32684445648601 1.58408758128575
1.18 1.02648816547596 1.22852305036561
1.185 2.95118400573789 3.05031710855329
1.19 6.3068000764394 3.20775074483404
1.195 14.0329929172384 3.40996573633854
1.2 16.9027551842741 3.45956656640068
1.205 12.6584200019081 3.58062270503508
1.21 28.3318579858885 6.11960916203432
1.215 30.6352561715789 6.17052199971642
1.22 13.7295652065319 3.42039475844339
1.225 5.37760377525617 2.29801034969103
1.23 8.34665754411049 3.17935994517104
1.235 19.8101882251629 4.80383963278378
1.24 23.1316477362284 4.2464687897419
1.245 24.764650542772 4.2909778019161
1.25 14.5591598673597 3.10480693535574
1.255 9.36214945352268 2.51809479503632
1.26 12.5729472529081 3.4133213220694
1.265 14.5325975104525 3.68881279918077
1.27 22.4124783963892 4.07002704307364
1.275 19.0281745025436 3.66335486327113
1.28 13.678854492216 3.40035800602685
1.285 13.146245106005 3.80798090213556
1.29 12.4528494656222 3.69799104590765
1.295 13.5832746174742 3.00809543169373
1.3 20.3417843212798 4.48958199133309
1.305 16.9065946625756 4.09346465816811
1.31 8.55397160409148 2.74426494711448
1.315 15.580418700987 3.50569734524051
1.32 28.2190466958613 5.94034521301114
1.325 11.9289429472428 3.00195020686478
1.33 8.63048843845789 2.20921648600861
1.335 10.2252934205766 2.74165990137113
1.34 12.4364456624653 3.76619035750308
1.345 7.07400830728416 2.62424278023133
1.35 13.6804731837434 3.25526210088285
1.355 32.3639969388328 5.99439509654925
1.36 36.7912146405413 6.80502532488955
1.365 31.0632554275114 6.24192755458644
1.37 21.7656235895955 5.11472559926876
1.375 9.64415253075275 3.19186201974256
1.38 5.69327916915013 2.12395248438839
1.385 6.45879507703635 2.04279728191931
1.39 16.8507306595908 3.17633608217934
1.395 23.3725349815469 3.93462583305228
1.4 25.6260156877114 4.01237289552797
1.405 26.0504972751829 3.95075187115426
1.41 2.90296916079271 1.86520714276787
1.415 3.38988722087307 1.54042151192962
1.42 8.68490123317153 2.34575827577352
1.425 14.9449501559356 3.03840738227442
1.43 18.7354924743717 3.79677797700427
1.435 20.7927588413305 4.61864904254425
1.44 17.1260636051667 4.3209663266392
1.445 2.98941089456254 1.84885688943746
1.45 3.90764334757107 1.88776569414221
1.455 4.82587580057965 1.92667449884695
1.46 5.74410825358818 1.9655833035517
1.465 9.97373001269304 2.82932522991632
1.47 17.5191024374294 3.79133144415946
1.475 16.7527371655683 3.18122288362246
1.48 9.14632504780119 3.04265608432332
1.485 5.57289556274573 2.45580744669195
1.49 3.21059925394087 1.79755350631085
1.495 1.42768548814737 1.30605085865171
1.5 2.33642024676592 1.93918429662896
