-0.1 16.7137387998552 4.99893029693049
-0.095 35.0079091467347 7.01520001446973
-0.09 53.3020794936141 9.03146973200896
-0.085 45.3921878603007 7.61286669126144
-0.08 42.2658476314906 7.32786254314358
-0.075 36.0475539529789 6.64567210389026
-0.07 33.0900240315171 6.01419992662673
-0.065 30.0038139883432 5.65772773059201
-0.06 20.032528632981 4.81044244370144
-0.055 75.6593667372901 10.9405700418182
-0.05 107.499355969518 12.7517262100471
-0.045 61.3641982454913 8.07474267990941
-0.04 114.452184018927 10.8442053161727
-0.035 171.754498672228 14.632521576684
-0.03 336.072364384902 19.2055868747246
-0.025 575.182625920995 24.5849756991874
-0.02 797.915771101283 29.0681473555767
-0.015 958.090517537694 31.8680501062084
-0.01 1046.946552467 33.2875251353854
-0.005 1019.92885775808 38.0038342082946
0 981.429518225228 36.4224699737556
0.00499999999999999 1047.22325303724 33.2741558845939
0.01 988.184400727393 32.3456825457454
0.015 794.159159476272 28.8942531457819
0.02 565.782335653559 24.2875214659314
0.025 399.826384464263 20.5539915866154
0.03 275.968274306364 17.1052024180596
0.035 159.351978629523 12.8395137999862
0.04 86.5835443083718 9.58579247730216
0.045 61.1086046705772 8.28878299124228
0.05 38.5783929588575 7.42459576996879
0.055 13.707382576313 5.86786569071789
0.06 40.0120065680512 7.26644891257808
0.065 67.8590632518192 8.65452802185867
0.07 42.1070256268998 7.61619735045674
0.075 15.2346722856921 5.91900637408585
0.08 19.6581836929771 4.73440627550455
0.085 12.701831205527 4.27442444281534
0.09 13.3985901705123 5.00501769101081
0.095 9.54737479355368 4.18800248834046
0.1 3.47310065522714 2.47198842913556
0.105 27.989614763723 6.60128249616933
0.11 33.2103139896429 7.35816124764947
0.115 67.9740330623967 9.04095563591136
0.12 125.550991186085 11.4229658623401
0.125 155.236165370086 12.7490369782593
0.13 191.320765926379 13.9397893099636
0.135 223.103295630873 15.0629198768552
0.14 246.650693100004 15.7721858817062
0.145 300.276299394011 17.5104857509416
0.15 246.289765545414 18.2383498183231
0.155 377.640266559982 21.8986656957137
0.16 705.420388645983 26.6785529573287
0.165 936.441340908219 30.773890655859
0.17 1166.63954407281 34.2963865893134
0.175 1346.83930473847 36.8701168883965
0.18 1424.45520830964 37.8900030081285
0.185 1451.79995019455 38.2474145931266
0.19 1424.86884761544 37.8754068560784
0.195 1327.38305539218 36.5343904154944
0.2 1175.4410832864 39.1051233039826
0.205 920.710703344693 35.7416234482294
0.21 647.834453022581 25.6497305973688
0.215 385.152418042972 19.5780772022113
0.22 243.537879562083 15.8175868436327
0.225 160.374522693384 12.8445955561561
0.23 88.57127133329 9.56621104272987
0.235 52.1898827943228 7.28548940188528
0.24 34.2349006705589 6.15646351692235
0.245 28.9051813023797 5.90668638100702
0.25 13.6369037034306 4.47233525029523
0.255 15.9805346564249 4.56090378480562
0.26 12.2134805897477 3.63339094293823
0.265 18.1261336763241 4.15535100283719
0.27 86.2961439824959 9.09132567208233
0.275 107.388407517236 10.8142246966103
0.28 90.9094562692598 10.0110979632133
0.285 95.5851131599433 10.1825273547904
0.29 107.32650172474 10.8335196786647
0.295 141.947198229667 12.0199006655722
0.3 245.740725575937 18.9755043999409
0.305 303.49750320679 20.2626109069126
0.31 373.312315538502 19.6878921591874
0.315 430.407419525252 21.2590936416981
0.32 474.531404086407 22.4040131262089
0.325 516.325222428997 23.350270286618
0.33 488.038130040986 22.6412342633926
0.335 456.461195045844 21.9913851781652
0.34 479.926401722186 22.6123152907196
0.345 460.575321929644 22.1223787082642
0.35 450.373600375601 25.5769729413261
0.355 452.020650106797 25.6147401900584
0.36 366.615901743167 19.9567871806462
0.365 343.876284685673 19.2971069875686
0.37 317.975818989169 18.5301547905432
0.375 293.903545692472 17.8833393152241
0.38 244.904144986739 16.2764023692631
0.385 203.563193768799 14.916661971145
0.39 167.015598957039 13.4294655628826
0.395 86.7069516659106 10.0837805794975
0.4 74.2274759893534 10.2834848248418
0.405 59.2973022445375 9.57197806025735
0.41 99.0323618380584 10.7167787166004
0.415 80.8263565813082 9.52589073736998
0.42 15.061637694543 4.94695391099308
0.425 4.8517951913551 3.16321156114082
0.43 22.375812317441 5.49668009454405
0.435 28.800333285508 7.51907442730603
0.44 52.7726128217043 8.81998661721156
0.445 76.0635736916727 9.73595294887151
0.45 76.5415352126123 9.5087640424783
0.455 103.761507784477 12.2905011753825
0.46 98.0193628171262 12.5341251185475
0.465 111.005204924364 11.6062974362099
0.47 79.1032363982157 9.42746622626324
0.475 104.061571710517 10.7580492657983
0.48 158.599733390903 14.1808392706444
0.485 258.247263514236 17.7032093805563
0.49 314.85690762945 19.3264805929244
0.495 256.308151289488 17.5420668025296
0.5 279.359141526467 18.1971275879071
0.505 321.614603658999 22.1533197654071
0.51 376.053614130974 24.0789488557491
0.515 382.17751049538 21.3992582197549
0.52 285.038580291442 18.4269950933685
0.525 255.516419467247 17.4770237511028
0.53 236.966874438192 16.7704094037799
0.535 167.177432521818 14.228363447008
0.54 148.844835979373 13.5569033335125
0.545 146.04652943075 13.259272167654
0.55 94.7848167774436 10.9704672001258
0.555 80.5810926190771 10.4855975323976
0.56 72.3690819793232 9.98718425212363
0.565 88.2187469107508 10.2892347470511
0.57 23.8755197730446 4.7290641257346
0.575 73.0876841729915 8.49606726831651
0.58 116.284756496534 12.0018338197546
0.585 80.1481933365312 9.65155962904669
0.59 27.3545223562149 6.16247704772039
0.595 61.0611106474674 8.7475615612165
0.6 62.5042805856654 8.93141520973072
0.605 84.8895142394682 11.082637387836
0.61 62.5892652690932 9.57376366422198
0.615 69.1163027949174 9.70285979784023
0.62 118.131513024389 11.9923242486182
0.625 97.3851575617337 11.0893842600999
0.63 88.4899622113018 10.5933644587038
0.635 104.754909828654 11.3657019423739
0.64 106.091154455667 11.5627049470943
0.645 98.9638692907503 12.0658304549152
0.65 178.233065442076 15.4528401388323
0.655 249.855097800938 18.5617844987675
0.66 169.537552070696 15.7819819797054
0.665 273.902621531238 17.6775058741437
0.67 356.325192251525 20.2612107014042
0.675 386.43456893157 21.0940040049161
0.68 379.383177827767 20.8168932565933
0.685 356.61002999554 20.1503867023607
0.69 325.109006946696 19.2284770535645
0.695 322.991265707136 19.1444229885512
0.7 314.339203707667 18.9395191509753
0.705 232.973273308947 18.6567797303139
0.71 244.550339765141 19.0773778180694
0.715 163.853972514637 13.375594973711
0.72 88.93200525996 10.7705987860958
0.725 42.3150445365242 7.12912877851549
0.73 11.0504907491654 4.80847591733604
0.735 15.1009828708531 5.59655790903472
0.74 76.7836595033663 8.96794270423815
0.745 107.294164087325 10.5775803887695
0.75 88.6369698103036 9.71402207080983
0.755 99.9533782296245 11.8236609870057
0.76 43.9032248069642 7.92676085759729
0.765 46.7822325763315 7.75256047517296
0.77 65.7819970319327 8.6947246405578
0.775 39.6664654228151 5.87070349679793
0.78 12.4287558465162 3.84810224225722
0.785 32.0907451566116 5.80744055295927
0.79 46.9584767071591 6.81596948631737
0.795 67.9058466006052 8.23133522805646
0.8 80.1841984549303 8.91446750091397
0.805 77.5340010253829 10.0094860243105
0.81 38.679411416382 7.15354132874199
0.815 68.97875184143 8.78951793128388
0.82 59.0878418495997 7.78266445618245
0.825 59.9843308626762 8.15483163295021
0.83 89.5385295224558 9.48682966083858
0.835 120.497720755674 10.6338074662363
0.84 131.922777884672 11.0462285339739
0.845 104.962745698104 9.72276692220089
0.85 64.1663636561475 7.84557462212642
0.855 71.4128971698658 9.50724529078046
0.86 119.686215909682 14.5536743224102
0.865 85.5990610246574 9.74618686129042
0.87 55.5112402647634 7.03637328652804
0.875 62.1392725341265 7.31702415152975
0.88 53.9257495800028 7.01135101932598
0.885 32.9027173707153 5.61828132756699
0.89 42.6879327591477 5.97446654900138
0.895 74.8376395163282 7.90401223537514
0.9 70.0263343684782 7.31784050657117
0.905 28.6848448789026 4.93703499852806
0.91 50.2235650787996 7.1955495039214
0.915 57.5704537244602 7.71707558381126
0.92 34.3932783480176 5.43382258215081
0.925 11.5619370239766 3.91633074646924
0.93 15.2540258049346 4.23915975463234
0.935 13.4598152510417 4.22776040391188
0.94 37.7430386373524 5.43888694037152
0.945 50.0495907307882 6.52460054033382
0.95 35.6244422438294 5.81594046949071
0.955 23.9756863736708 5.24209453919915
0.96 26.6936402824746 5.64244319322245
0.965 28.9022298655147 6.11889085512336
0.97 31.0534556284631 5.23798647719315
0.975 19.2638374598894 4.11418403963608
0.98 6.91025444629937 3.17456707129842
0.985 6.4512720603939 2.9441125020191
0.99 19.5630583355455 3.88379123202246
0.995 56.9432200700376 6.29296228404108
1 85.8498755020444 8.18701281179109
1.005 67.0604601264703 7.59039598188835
1.01 36.7327203625566 6.02602294952699
1.015 66.0615076454017 7.53526662888896
1.02 71.3559768426999 7.17897832865873
1.025 77.0163166895922 7.49062657935791
1.03 79.3091966383544 7.56246509916432
1.035 56.7623125368152 6.5138103281598
1.04 20.1772202788439 5.17339345782298
1.045 42.8939634292632 6.12588407426637
1.05 62.8129456158855 6.60805182570783
1.055 41.3877497245343 5.45113916338942
1.06 62.5492120444843 7.62642432295938
1.065 67.9351753700632 8.05593483752707
1.07 41.1987071089958 6.00342188331467
1.075 12.5695901441551 3.61778839424947
1.08 10.7894003900868 2.67702558735948
1.085 15.3604198676138 3.2449074123419
1.09 15.2235124447519 3.29263560704309
1.095 16.5134254712088 3.59056048591693
1.1 15.0482604330097 3.36286813134559
1.105 14.8982648594132 3.10242481448468
1.11 21.9554572006862 4.24580212905059
1.115 27.8434685412494 4.62737385104911
1.12 27.9972795378441 5.87243936893082
1.125 25.295852657737 5.00643555455328
1.13 27.7017677060613 4.78751514228195
1.135 23.3961392606683 4.07632302382118
1.14 29.8189123817123 4.35255746585826
1.145 18.2667346440691 3.29271253444931
1.15 16.0451801549748 3.93597509412164
1.155 29.4250546634724 6.05773196722412
1.16 13.4743134458971 4.20115811254803
1.165 10.8067755995401 3.00695461535464
1.17 16.7629355649531 3.53825812937705
1.175 15.8509303336792 3.35991081476963
1.18 26.6791798245298 4.1749101089189
1.185 45.5525025351304 5.60158594504954
1.19 45.799569377459 5.39820207060541
1.195 52.0008688777506 5.70779494710393
1.2 62.4773555248122 6.44254309487589
1.205 47.9380441100145 5.80946527826266
1.21 34.3796161254949 5.41638060897668
1.215 8.4311927037414 3.14342715614489
1.22 12.8064884788278 3.02867416186314
1.225 23.7357772679015 4.0914197101258
1.23 15.7812993824207 3.42502582272769
1.235 4.40396959301198 2.0014624673138
1.24 40.9356027720617 5.76934599672638
1.245 73.2295506002057 8.86324487583471
1.25 32.6333978993444 4.46788131662974
1.255 10.0078546350841 2.83516738006597
1.26 12.6884413850175 3.26378988407079
1.265 30.2499365152322 4.9790759375077
1.27 45.4190760114014 5.45295354789194
1.275 25.8591694447452 4.32336800340352
1.28 2.5733518099175 2.75251292939922
1.285 15.1069418606875 4.26941832910427
1.29 8.373292643611 2.49335616636101
1.295 7.85610533900666 2.68604788330324
1.3 24.0645854896393 4.21458367706806
1.305 26.6904968344793 4.01178766287723
1.31 10.3358524491253 3.1272319157259
1.315 41.9905469227989 7.09396366328189
1.32 61.0219533362454 7.50099611978492
1.325 31.1898959359023 4.47115625261461
1.33 36.3879890218479 4.69047472590963
1.335 41.0099666018106 4.96327494382317
1.34 40.098236338067 4.93142783693703
1.345 45.6192159900852 5.2746800324038
1.35 45.887761739624 5.24530128487395
1.355 35.5615180055202 4.60750348724603
1.36 48.2545644950924 5.22315869133766
1.365 74.5177058741989 7.49154620254185
1.37 38.258237942677 5.99630074827155
1.375 18.1380896163046 4.52296026810879
1.38 6.54332063582657 2.74988416079019
1.385 15.6362532581476 2.82065551387325
1.39 12.001316253508 3.2484595143269
1.395 21.6513365426256 3.85549917312467
1.4 36.3897936280213 4.70840750071381
1.405 20.3089574388483 4.41669582642499
1.41 15.8705993892862 4.36760483417033
1.415 39.9707934923333 5.69740872212528
1.42 6.78754279030271 2.8051823023821
1.425 18.5117927477358 3.61201318036976
1.43 51.490825455705 5.48052609055521
1.435 58.6865665470554 5.89516482245037
1.44 65.6021479602068 6.19129046911227
1.445 59.4522912691165 5.92743406036587
1.45 34.8951182508601 4.85519312823554
1.455 25.4524144002712 4.34097628093851
1.46 9.79207639911463 3.25599739394406
1.465 27.1151636582058 4.70246841523474
1.47 32.2480088105538 5.24625127365028
1.475 10.7898242681767 2.56384562281524
1.48 8.88290687067395 2.72421830389597
1.485 11.874244717323 3.15443526402742
1.49 14.337929173025 3.2265723338989
1.495 18.9173781144071 3.56770379610563
1.5 21.929777871324 3.8069174705657
