-0.1 15.312260088173 5.07155180812533
-0.095 10.0677447064092 5.01348793656706
-0.09 4.13381516147876 3.07212746687338
-0.085 40.5190088137246 6.3575601328547
-0.08 61.2867187531783 8.36820111490121
-0.075 43.7312790332375 7.23953751874372
-0.07 71.9222652091139 8.56990305124597
-0.065 106.520223405169 10.5572846503242
-0.06 99.6319662268409 10.1929150409439
-0.055 104.728075615849 11.7387244951403
-0.05 100.719153796113 11.5431261997613
-0.045 108.252169488721 11.2555803269258
-0.04 127.728469911673 11.9614670621177
-0.035 209.411808627487 14.7810565376953
-0.03 318.124476402947 18.279544220733
-0.025 363.880743195009 19.6725396395115
-0.02 469.218977209849 22.2411067776092
-0.015 618.520198116377 25.6783019428262
-0.01 750.218255752726 28.1307393818688
-0.005 949.783813542624 37.2633693131533
0 1011.1045908828 37.2022758474758
0.00499999999999999 1068.53615276013 33.5932445550712
0.01 1061.35662436158 33.525142619111
0.015 942.245953057849 31.6366214690037
0.02 808.778757031024 29.2898099179436
0.025 637.244059144765 25.9268914764995
0.03 427.887884135454 21.3434210630673
0.035 248.602688750588 16.1310177520376
0.04 125.861800727029 11.7355970620036
0.045 97.4837712495642 10.7733729700858
0.05 118.296134701808 12.4585649959182
0.055 48.7676328614258 8.75778661141155
0.06 13.7875461059985 4.31303952338423
0.065 21.048149607446 5.11085738027741
0.07 7.61685322899156 2.18722398179613
0.075 4.09790085748228 3.96749312405733
0.08 57.4684117619112 7.97864332890203
0.085 76.5487642857218 9.67093556382294
0.09 37.9370719066989 8.48373426283606
0.095 56.4135074307896 8.06666325718673
0.1 122.194411069522 14.097755706795
0.105 177.429137344708 16.079994452811
0.11 147.082085024417 12.5528482936864
0.115 204.82276848247 14.7283057402866
0.12 218.253930953905 15.3052841097437
0.125 191.881450372625 14.3500529592274
0.13 204.498234141983 14.7381261686152
0.135 253.508543373897 16.4014184704181
0.14 275.746065572277 17.1422123130853
0.145 263.341176003313 16.6940484273824
0.15 302.276692503935 20.6098155210442
0.155 350.260297004126 22.1787754104673
0.16 461.80063644463 22.1502834395713
0.165 673.910214536328 26.7505622335509
0.17 1061.72093461287 33.6116065612704
0.175 1559.91646301354 40.676532410515
0.18 1934.20215492923 45.2283744526879
0.185 2120.17940497949 47.346648108632
0.19 2202.43519630814 48.2513571721852
0.195 2219.76758804543 48.4407957818531
0.2 2204.78976675936 55.3892583569839
0.205 2096.40536950648 54.4055437433154
0.21 1752.63989107522 43.0652745765249
0.215 1308.4523843463 37.1663607678007
0.22 911.849515630031 30.9899715790821
0.225 603.564236091234 25.1672287568028
0.23 381.011794638302 20.0061554856832
0.235 232.53761563834 15.7060409977878
0.24 132.73208993395 11.6657710668255
0.245 84.1372526529237 9.54010504178066
0.25 124.510462078011 13.8929834158343
0.255 93.8017012565358 11.8332881474785
0.26 93.1814476270606 10.10739153318
0.265 155.96179593613 12.9845484525042
0.27 163.566017556285 13.2258631258001
0.275 152.507672846046 12.9484886441198
0.28 138.406931338598 12.3316239154213
0.285 106.101119499897 10.7572926257978
0.29 107.510520503818 11.3204950090609
0.295 166.727783739729 13.6544514609277
0.3 251.995296666969 19.0216558856977
0.305 218.115854102934 17.7849188688504
0.31 207.495856504377 14.7905515213881
0.315 197.368864086991 14.4598262744795
0.32 226.60450184363 15.4284911442984
0.325 276.999887757773 17.0333680949209
0.33 314.520429967281 18.1363028244662
0.335 328.458387040295 18.5537418607859
0.34 361.205378684587 19.4123191368752
0.345 426.242264680606 21.117459713168
0.35 439.348420314062 24.9649061142074
0.355 437.729155837281 24.6304408749647
0.36 428.432301216238 21.1663921963546
0.365 460.602552570096 21.9363777832111
0.37 467.36216726254 22.1041974041145
0.375 411.697245870708 20.7110948692469
0.38 373.103422453873 19.7376495490638
0.385 338.412809227823 18.8930146185133
0.39 284.091939758037 17.4285020942665
0.395 277.817379609181 17.058337050316
0.4 224.491390549816 17.0101278274575
0.405 113.679871246525 12.4662437141689
0.41 111.89882116192 11.0271059159566
0.415 98.3255675353407 10.2878568239101
0.42 72.7923525317989 8.71849185851912
0.425 51.9705717483816 7.7126037929255
0.43 42.4908682853373 7.37401907961751
0.435 48.0470735550658 7.55614187385603
0.44 53.6032788247942 7.73826466809455
0.445 45.3234636426647 7.38905353404016
0.45 14.5738905937111 6.18064056967587
0.455 23.5364033066545 5.75196405389289
0.46 7.55977264562081 3.35110122565288
0.465 57.6749823625114 7.21075995576992
0.47 65.0447626533501 8.73826214736777
0.475 42.3640010503406 7.15205395257712
0.48 32.0318049440741 5.84832754471794
0.485 51.279672768247 7.38768163308705
0.49 86.4857793678632 9.63467565369511
0.495 113.794918093037 10.8766646755681
0.5 127.353152228196 11.5107044931513
0.505 107.118876404253 11.9660306418851
0.51 90.4772762510983 11.1599595842312
0.515 122.859985074128 11.4443740124636
0.52 153.642077574434 12.6897072706629
0.525 154.951312958066 12.6271025224587
0.53 140.174133902031 12.0041529819023
0.535 143.148846570493 12.1731707619474
0.54 135.881912647302 11.9094833813295
0.545 105.359153454313 10.8526817677999
0.55 118.918552395454 11.6073946625603
0.555 119.798492905182 12.8291843231156
0.56 92.789466499657 11.3637143419639
0.565 110.984987020135 11.0039865443313
0.57 142.156404326515 12.1902380001884
0.575 133.997381799223 11.7143365821181
0.58 91.520934645067 9.57908449805405
0.585 44.0208671847556 6.47092966913309
0.59 32.8447541120761 5.87172469779723
0.595 42.4693942974132 6.86636690371261
0.6 36.5788638855095 6.30927874674603
0.605 31.2873544929333 5.80644280300345
0.61 9.09618547799167 2.89962950528796
0.615 4.2510790458089 2.27916202103398
0.62 3.78586622627185 2.23599854320234
0.625 17.787895661271 4.16037452810396
0.63 30.8028020764007 5.742593557688
0.635 27.4012028935398 5.71643453057277
0.64 12.2035313556003 5.10660726427667
0.645 17.3561159095257 6.47060931162538
0.65 22.1480538461273 4.7137138752146
0.655 52.5201096185004 8.6888705109136
0.66 97.3192851081492 10.9533005716583
0.665 112.152539696943 10.7435993568632
0.67 62.4266033129239 9.19451826799028
0.675 76.3179846077271 9.41244098018159
0.68 103.139669580746 10.2843813031192
0.685 73.9170610320996 8.41001611287018
0.69 34.7161519690083 5.97622858623062
0.695 34.052383886383 6.08815171764859
0.7 52.8793045269063 7.43673628626755
0.705 75.2836322773803 9.94703392253914
0.71 60.1431795940544 10.6937865589833
0.715 30.2802604621979 7.04061259570924
0.72 59.508150553889 7.80639867505596
0.725 47.4575155174247 8.80879657166705
0.73 23.9417385521206 5.66638723137248
0.735 9.32870207732405 4.99256676355089
0.74 9.69859309685326 5.44887433496416
0.745 27.8711158177224 6.11459342675184
0.75 70.1259852187609 8.84319415768309
0.755 51.2996250752084 8.93161929516225
0.76 55.3281136309391 8.48511328968375
0.765 36.8472627797421 6.59266720283698
0.77 14.7833762809268 4.12677067556639
0.775 15.4100993422763 3.93544740326809
0.78 21.7411702244107 5.44353128253918
0.785 25.653992189643 6.30447061755437
0.79 18.8710120302446 4.01258425913126
0.795 5.66510315410183 2.52315910397503
0.8 17.4624709546811 5.04512333818658
0.805 27.542299664571 7.27424460943216
0.81 8.30023427556201 3.94117942896839
0.815 3.16253957545294 2.17460318106342
0.82 14.8103221431835 3.75819540562573
0.825 15.9709082985626 4.14838780791907
0.83 10.5860533343552 3.51250341137617
0.835 5.2011983701477 2.87661901483326
0.84 14.5220693176609 5.0850953096422
0.845 14.6890575623093 5.26223522006239
0.85 9.22399243753816 4.08185467177452
0.855 15.0578985139141 4.86122284126784
0.86 12.7023079735372 5.13577798486407
0.865 7.1540159300585 3.67609499408013
0.87 24.5470482502399 5.00786767392437
0.875 13.9391950653881 4.51535544479047
0.88 21.8314601515576 4.95444616778536
0.885 19.4670188488609 5.17213158752645
0.89 31.1606169271998 6.24282212826046
0.895 27.0003361775427 4.99311245653306
0.9 10.3928223627309 4.00132363037398
0.905 21.0798658334539 6.44875905273381
0.91 33.3180275239881 7.70644961027074
0.915 48.7721187893942 8.8544555385822
0.92 35.0337910955508 7.28889750482734
0.925 20.5177079345817 6.41309453174156
0.93 24.0022568770709 6.28152644702366
0.935 30.1042905521677 6.42802386200324
0.94 36.2063242272644 6.57452127698283
0.945 31.9506772535218 5.89537312365495
0.95 23.1830609561583 5.00203344798128
0.955 19.9711293315402 4.03323296399561
0.96 12.8577469092921 3.57923567646387
0.965 31.4150342942061 6.70174637793034
0.97 36.5676456887986 6.14640968835812
0.975 30.9918180589766 5.658166804206
0.98 23.886632862783 5.1361602943168
0.985 34.9231123540588 6.07278991085181
0.99 56.7993589279674 7.68908123719166
0.995 61.0862374834632 8.08937894519195
1 60.6796661496335 8.19958184043359
1.005 97.6758790466301 10.3072378994547
1.01 94.5073495363271 10.4404058768637
1.015 14.5971510562029 4.72786666269675
1.02 14.5371362548692 3.72903054604225
1.025 18.3446428835497 4.5639984915131
1.03 23.8596469946207 5.40928905059219
1.035 28.6261729900599 6.5489910916282
1.04 19.7691600883409 5.61527204930279
1.045 14.0793766776205 5.45977896071944
1.05 28.7918339318961 7.48255931061739
1.055 42.0941450106364 7.69464356668389
1.06 56.1729479338886 9.09206254058366
1.065 39.4195633212262 8.0781626488963
1.07 7.69250579253344 3.77348671535315
1.075 4.39670885183616 3.12830214847138
1.08 4.49332008291553 3.17939690236697
1.085 9.17884013497908 3.92240240355816
1.09 43.5966946250271 6.95011498622968
1.095 72.0319757426122 9.0849760571535
1.1 60.8521094279734 8.17000468311222
1.105 27.6117003972505 5.83691118734739
1.11 16.4126375992431 5.24295864578632
1.115 17.8346906902709 5.43407401043755
1.12 9.74393952572959 4.77050952363092
1.125 20.109889023898 5.94717034284727
1.13 20.8566087796589 6.62287264352434
1.135 20.145375279041 6.51160100992598
1.14 21.6819467789995 6.44911833549875
1.145 23.218518278958 6.38663566107151
1.15 24.7550897789165 6.32415298664428
1.155 26.291661278875 6.26167031221704
1.16 27.8282327788335 6.19918763778981
1.165 29.364804278792 6.13670496336257
1.17 27.9751434079504 5.89589116702466
1.175 40.3832588369182 6.92967023070912
1.18 27.8638503929862 5.51987618841837
1.185 13.1034183222742 3.97154978676853
1.19 10.5311100920713 3.8378053596953
1.195 11.5034461368926 4.25612950880022
1.2 17.8234264169724 5.02309078928387
1.205 41.6094674745522 6.97415124465658
1.21 42.1243774171926 7.57009729540781
1.215 4.93233111259396 3.72229397269813
1.22 1.42464792339467 3.42999904768458
1.225 13.1577708025456 5.70294473189422
1.23 15.3084483448209 4.97346698985684
1.235 47.7798526177263 7.04512170609169
1.24 57.0200723575552 9.9027133070096
1.245 54.7303570926012 11.0257267514485
1.25 53.3181596639074 10.2569069943899
1.255 3.58556660687231 1.98583536916992
1.26 3.44225614214348 2.15030114242071
1.265 16.2463321227559 4.76575382141474
1.27 28.9448808894112 6.95959515216287
1.275 40.9135083873446 9.34577893042542
1.28 40.2250557708145 7.53109088131658
1.285 39.5995890226768 7.221810670026
1.29 40.183807926905 8.41752858113941
1.295 40.1247590234621 9.30048833870393
1.3 27.4914819806354 7.40803833750573
1.305 14.0932357216489 5.18368787456977
1.31 42.7187757453529 7.04425768408552
1.315 98.0206168187075 12.115309770104
1.32 85.723363262556 11.9925392983349
1.325 27.1941678767966 7.01614406664436
1.33 38.8509184253791 7.42098500823459
1.335 54.4033559088301 9.76845896215366
1.34 35.2437787953619 7.52159331721386
1.345 28.2887646956509 5.60334920327927
1.35 38.3875023574852 6.33427082032689
1.355 44.4780023408381 6.76124849776935
1.36 60.1071806059154 9.04810652412666
1.365 48.1813442767098 9.70050480106284
1.37 24.6065944639332 6.8947309454388
1.375 11.4678874394491 4.15955897857603
1.38 22.5101855717722 4.64575831999418
1.385 24.6453239543785 4.94698650270302
1.39 23.1532321387012 4.78942892184775
1.395 18.6778628176862 4.25306105682925
1.4 13.2214018523112 3.68213780416689
1.405 11.2317010387115 3.27257500603361
1.41 4.31476946470228 2.24096249811999
1.415 10.9668280271538 4.48049827641523
1.42 16.7344430741583 5.46284641924674
1.425 21.0367560284381 6.42315175911019
1.43 24.8565357423763 6.00911539159604
1.435 16.0698486633327 3.60608629986112
1.44 13.307361325265 3.38249371223376
1.445 14.7619583965285 3.76415056951675
1.45 10.4684201219146 3.63118162152716
1.455 8.23830996760438 3.13740501229694
1.46 8.74143678762602 3.29850614503417
1.465 9.77188307802785 3.97579300317762
1.47 3.66693868436121 2.3624919891542
1.475 21.2777317181975 3.91331983155935
1.48 43.5848073286817 6.04227263897838
1.485 44.7958734389634 7.13620460741566
1.49 36.2752887626766 6.92131090589498
1.495 21.8079242374249 4.92232610837769
1.5 19.0575047838403 4.64636810865044
