-0.1 51.0363940322229 9.39898094860855
-0.095 32.4415037699788 7.26152531535407
-0.09 17.5416160060539 4.67054267069447
-0.085 17.214816161528 4.4928000964129
-0.08 17.5198259118648 4.93032720966443
-0.075 13.1728436707034 5.61540338057442
-0.07 42.7879699801166 8.39943903624713
-0.065 67.3466990060622 9.8360175588726
-0.06 83.5370846077087 10.4736362659357
-0.055 77.7343455830195 10.43201055495
-0.05 92.2196989686839 10.6829686362833
-0.045 106.067883730357 11.2683465155816
-0.04 85.6272279610176 12.4037972823527
-0.035 126.979160665595 13.7104146011183
-0.03 275.086838175155 17.0605525141093
-0.025 445.580527068359 21.6148408710665
-0.02 545.778606380542 24.0768741314267
-0.015 606.895279988289 25.425153322344
-0.01 651.38073135306 26.3656148864682
-0.005 685.934133292582 31.6062294737856
0 707.75862927072 31.0333344622346
0.00499999999999999 661.612344590501 26.6380370245435
0.01 674.924687343429 26.8326323913273
0.015 594.692192948571 25.2075446810663
0.02 454.903980204857 22.0318910797826
0.025 325.696319021336 18.5817832757687
0.03 222.47257715214 15.4255772772784
0.035 147.598595873817 14.1833779850134
0.04 76.0826353190798 12.4371347594503
0.045 43.3031790173053 9.15986474675628
0.05 43.7522666513868 7.74378515681295
0.055 46.4307855151885 7.92200530800205
0.06 38.2330863528614 8.18337330968739
0.065 23.881869581411 6.82343184233767
0.07 16.5841120760768 5.48457673829636
0.075 28.3431182988084 6.47854312568817
0.08 38.842162227975 7.54216616557976
0.085 14.5460615674147 5.9121490438347
0.09 13.910243788961 5.89937308165473
0.095 28.9649292585911 8.8997586897298
0.1 43.2011325272746 9.09538972012859
0.105 38.7550613533819 7.844972698561
0.11 30.2620434695822 6.97227125103568
0.115 51.850449515108 8.80824751605485
0.12 39.9824642302833 9.45497945787617
0.125 27.31656313075 7.11314743480157
0.13 82.1228889896119 9.52017010260984
0.135 98.4217071396449 10.6581056797621
0.14 147.404364261781 12.8104049015927
0.145 231.893010506143 16.0996117615547
0.15 225.398335317288 15.6535073755659
0.155 283.715990920316 20.2094292952462
0.16 370.495822055293 23.018930643237
0.165 613.715366623075 26.2447226900074
0.17 919.866597733293 31.7752369719572
0.175 1213.35585205925 36.3847587399565
0.18 1404.46142170364 39.1834549580312
0.185 1518.09216550164 40.7182504932689
0.19 1606.62271649233 41.8688699637342
0.195 1574.07573725909 47.4188312893041
0.2 1537.25440187112 47.6626802953931
0.205 1504.09747919336 40.6370559477223
0.21 1234.9248582789 36.8449441110863
0.215 867.92482962083 30.9796302045195
0.22 589.905442176205 25.6564060888824
0.225 437.665438042219 21.9209281447362
0.23 343.100195949803 19.5332579666959
0.235 306.342633050224 20.8082102202049
0.24 208.08534270645 17.854774081726
0.245 144.996818458819 13.0765871289891
0.25 109.050256739593 11.3625270510179
0.255 87.7306794022982 10.867547461184
0.26 68.3506813695497 9.50431742901169
0.265 69.270836882279 9.30241918306531
0.27 76.0475128274327 11.2927823060536
0.275 60.4052614861672 10.4450785921358
0.28 42.7845912274974 8.04727476494648
0.285 26.0671058776173 7.31545808383197
0.29 68.5926075702893 9.84850956557112
0.295 93.6494209778197 10.5593218050265
0.3 32.2662242731206 7.31343438270187
0.305 77.4633136314079 9.8850696556905
0.31 89.6922040653287 11.2130141084546
0.315 57.7301000253382 9.32285101974328
0.32 59.68251631528 8.82375898777615
0.325 77.9611964590217 10.6241841319384
0.33 82.7037370320687 10.3473358945396
0.335 67.4946974547591 11.1907303019897
0.34 87.4532328726117 13.010971320455
0.345 176.661725903516 15.2482518263104
0.35 239.004083184662 18.9062097779145
0.355 235.715768290894 19.998562896874
0.36 332.840666851289 19.9772477883465
0.365 415.152465577251 21.7266584576672
0.37 426.1668004894 21.9843638320339
0.375 388.025615579654 21.1025220371028
0.38 360.457811257054 20.497077697921
0.385 341.450421676356 19.9359100399228
0.39 332.015447237997 22.5425042530151
0.395 334.896284566637 22.5948934371435
0.4 236.716328956592 16.2669369273473
0.405 162.692160261887 13.9934729800557
0.41 149.405636190476 13.4500960048742
0.415 101.084517103064 11.8093331051511
0.42 63.9107437217628 9.77123144943131
0.425 77.3736258559309 9.62671058140333
0.43 76.1125859174031 10.6743300171248
0.435 56.9172532418495 10.1829291893668
0.44 35.1830493657885 6.68603481535632
0.445 11.5786851981263 3.81445009100341
0.45 28.279105953416 5.44358604107141
0.455 52.1103662537734 8.11440231373671
0.46 53.9842750626856 8.46871113822318
0.465 56.9184995420976 8.77131326294629
0.47 94.9912817746612 12.4194104472285
0.475 92.5448144581345 13.5674566079942
0.48 63.5903404737403 9.75347296490982
0.485 70.2851383637741 9.1347879302402
0.49 61.4973042212603 9.33876854754019
0.495 37.6265376062796 7.49748168600789
0.5 21.6440960439802 6.73613455701137
0.505 58.9605448925452 9.74421000791526
0.51 78.9788359651074 10.6787771002774
0.515 42.9962042820734 9.70865435848439
0.52 67.1952644870613 10.0625515191918
0.525 158.724028657153 13.1196389212546
0.53 169.057881394377 14.088048038998
0.535 114.368964068079 12.2653861657319
0.54 127.597287762714 12.889241193046
0.545 118.960741284068 14.2820554212053
0.55 159.920293609972 15.8568763117359
0.555 192.949281969943 15.4413730572173
0.56 197.207426201747 15.153134697446
0.565 154.748594794747 13.2753187947238
0.57 83.8754268259972 11.7991982716899
0.575 68.9000096941735 10.6161235876575
0.58 58.8752022903474 8.34336869117344
0.585 42.3405560582003 8.56002144194158
0.59 89.2832631517984 12.512843648549
0.595 80.7038724413502 11.8387825265765
0.6 40.8336511073655 10.8374991340746
0.605 54.6108485432318 11.4177461473156
0.61 92.3570420222566 13.1205498749599
0.615 96.6611853062734 13.1119039033385
0.62 113.743350025358 11.9954736158853
0.625 161.481713340879 15.7702150493006
0.63 98.5537094341735 12.4099518495345
0.635 34.7293620286794 7.58164530695145
0.64 35.1833381281446 8.60064020505388
0.645 36.0667724215707 8.19902920299374
0.65 28.0181449258956 5.74869586639029
0.655 31.4916578958312 6.4784812134753
0.66 69.0711270026675 10.7831736438846
0.665 122.701179928119 16.4865810504431
0.67 21.8195883353477 5.42590223484314
0.675 58.1581722433803 8.02020256241634
0.68 87.6972503196462 10.1616128520497
0.685 73.85921311437 10.0916183073249
0.69 57.4580641616465 10.2463720589713
0.695 78.6516367539111 11.6596941937593
0.7 43.5656420735615 8.75487812459949
0.705 91.5828880654295 12.777995681897
0.71 15.2267883394215 9.87040156479744
0.715 47.7278620331701 9.34889224542853
0.72 67.0033639798925 9.47248223023021
0.725 42.554823534816 9.28581825752578
0.73 79.2814048246247 10.7063488647185
0.735 108.095359139289 11.746376951749
0.74 77.1141996876045 10.7262013584444
0.745 78.2298694757296 12.4631740674561
0.75 61.9725666167151 11.4921182734609
0.755 48.4345772963408 8.32205283679876
0.76 86.1076390338595 11.1079825406763
0.765 65.0100268579937 10.4360850470624
0.77 32.5368817744894 7.0690404152564
0.775 54.4155654561966 9.64213546546404
0.78 44.2757740428638 8.82735036535847
0.785 29.5023038072719 6.1686123137001
0.79 82.9240100250259 13.6828894086474
0.795 48.5711424888224 10.656207725172
0.8 35.6770540876454 7.51818427919441
0.805 34.6289396221925 6.44021693349287
0.81 28.0909219428381 5.80108338508549
0.815 20.7941313450836 5.7522895246682
0.82 12.79309938772 4.82056462830445
0.825 39.6045392778095 6.66548092026002
0.83 39.3982399443577 7.82556677446437
0.835 54.1743671087774 8.42030108810109
0.84 49.5556676825584 7.10722666562025
0.845 38.2165525008574 6.84394318775814
0.85 55.598556808426 8.66771007830556
0.855 30.2706696546781 6.21982648317426
0.86 40.5615822633457 8.4289620030873
0.865 9.63670031003786 5.63939357257285
0.87 17.489895893092 7.36832389229017
0.875 40.1489145581255 10.6660715704962
0.88 43.7117377718627 8.62303197962556
0.885 16.6612678098662 6.7614636825652
0.89 39.7977885500356 7.93505385392015
0.895 56.5840664769361 8.47215147899757
0.9 29.4545683169022 7.39984238430551
0.905 63.3555876890278 9.18446888653513
0.91 78.1587529081988 10.4107117160363
0.915 45.1914891809598 9.7816569719096
0.92 26.6708003116392 9.42770810302856
0.925 50.1845650658837 9.65288367449642
0.93 53.8710847616661 8.66657046808583
0.935 38.5869493017975 7.43724903666913
0.94 38.809180981639 9.3540107615594
0.945 101.645202033294 15.0408228845975
0.95 71.3975264463727 11.2550660910333
0.955 65.7710275983339 11.2974559639218
0.96 89.6979290772779 14.2283105121276
0.965 67.7337888504128 11.6266922070863
0.97 8.52569011985394 4.649392616281
0.975 37.3764285338479 6.79493552394024
0.98 48.6216801610652 8.35935438421314
0.985 14.9835881286634 5.17617351235601
0.99 21.8855732009405 6.95541044362469
0.995 115.405214631974 15.8579074245224
1 78.1488110517394 11.2563356800426
1.005 28.7080646333285 5.94627125705688
1.01 46.1102472713953 6.56206550112874
1.015 98.9714195184718 10.5559996620072
1.02 81.538878757763 10.0833308277629
1.025 43.7976625982734 8.73667279443648
1.03 57.0184950892017 8.48339970458731
1.035 64.474917947662 9.54173711359178
1.04 50.6910685030668 8.28816071796101
1.045 26.0218026527729 6.63141316685472
1.05 32.4030930147344 7.96109902028713
1.055 29.4321122826985 7.27566563463403
1.06 43.7104691490763 9.12339968054564
1.065 55.3570837589049 11.0884394351115
1.07 56.0106505405597 9.39277156438424
1.075 86.5902807168457 13.0305221931386
1.08 63.8843047867787 11.2192635371526
1.085 30.6052787050117 8.4209562621196
1.09 23.3147067574257 8.82541543529577
1.095 46.1397422647941 8.42999913239066
1.1 57.5439344449524 9.77103060184492
1.105 86.2730319148656 12.1979742116766
1.11 48.6201674505541 9.38925412908381
1.115 36.7751624957439 9.01115284463166
1.12 57.4757066479774 11.2096864006142
1.125 52.1599920386057 10.280881779457
1.13 24.2726984477241 6.02174073005102
1.135 31.7107037560054 6.40960586160903
1.14 26.8399676841476 7.5337065148683
1.145 10.4458351388258 4.78262562149461
1.15 6.5399062008489 3.79558574708365
1.155 44.8189123033399 7.12246815824076
1.16 52.5584009320019 7.83190320538414
1.165 29.9066741523586 5.8441723926182
1.17 37.1721345245932 6.43157089397866
1.175 48.9863369090969 8.55761546864493
1.18 56.8294996424287 9.29291535569744
1.185 23.7265018531282 5.29543484828976
1.19 9.23919403542183 5.55042745463302
1.195 18.0360942729211 6.91327183796697
1.2 28.5854609279286 7.38759410995073
1.205 31.6039759778797 6.62933731653925
1.21 26.0960098239362 6.26476725690518
1.215 34.9393321834995 8.27938501290961
1.22 65.108036671483 11.8715782493244
1.225 46.5969621023511 8.27227425505585
1.23 29.7447327401018 5.97318841778086
1.235 31.408878406569 6.21103259143116
1.24 32.8999309820234 6.60450468243595
1.245 14.6587008890169 6.08535824503129
1.25 35.8298651589455 9.96911432008615
1.255 48.9334158105451 10.1565036364444
1.26 26.2744320068478 8.89399972135284
1.265 28.3413766435628 7.90273410321009
1.27 31.638521071323 8.18831795065547
1.275 31.2564936571458 8.17774627020655
1.28 28.3565477101802 7.21019088825872
1.285 30.809455213593 6.61490700381246
1.29 37.5024231790994 7.47811063478858
1.295 27.0109962687615 6.13558615205139
1.3 62.5826102410985 8.35935702938735
1.305 84.2503553242713 9.55490201470344
1.31 47.2833808968629 7.46789800113835
1.315 19.6722829746096 6.21514667626728
1.32 15.6192131671643 6.14705542589635
1.325 11.4632069992415 5.95713977053179
1.33 9.31692950995692 5.66343153853266
1.335 16.865727481962 4.49346325524952
1.34 11.9215969497224 4.75235812628208
1.345 21.8405388630639 6.53828360204346
1.35 19.8659909324817 5.7004103639928
1.355 37.1813555888212 7.10065481894644
1.36 56.1185118493658 10.7164258841676
1.365 18.2494468011712 6.32376507879055
1.37 20.3066250235067 6.16614421656527
1.375 28.5247709967234 7.71463762330096
1.38 40.6462286363481 8.28402592016882
1.385 37.2906868765053 7.51448947909465
1.39 18.5251253688446 5.42720736130284
1.395 20.7789715844734 5.10374804456648
1.4 39.5780655837157 6.59820283544841
1.405 19.2734213879195 5.01779160058173
1.41 13.7612047633943 4.05505340789816
1.415 14.2605766607128 4.9888980421676
1.42 12.0302294839858 4.30054604564508
1.425 49.1066318895037 8.27321735677051
1.43 67.580918796443 10.7140968201407
1.435 5.98706627112111 4.17408553861709
1.44 39.7643572926992 8.08704887034495
1.445 45.9008622340655 7.8753889178565
1.45 29.7454605510598 7.06470758766546
1.455 29.1693900050182 6.50097324215705
1.46 24.0451612527173 5.06588767411851
1.465 23.9990510984532 5.79761163986544
1.47 16.7322692107639 4.77116909000063
1.475 10.6364288138671 4.00080582392381
1.48 25.527930614668 6.77695233049862
1.485 39.2702811250992 6.70010386869991
1.49 57.7886981039291 9.25940429582071
1.495 60.1968910417181 9.15157939273062
1.5 33.6626830603652 6.53594927823048
