-0.1 58.3328572452112 10.0295581693908
-0.095 77.5921787157205 9.25068570061375
-0.09 24.564428621208 6.80104718444378
-0.085 66.9466860929633 8.70087985726262
-0.08 120.255816237489 11.201444698417
-0.075 98.1576175888669 10.0619275091956
-0.07 63.8824187678865 8.87413443943091
-0.065 73.5661856304735 9.5369133631759
-0.06 55.9971374086866 7.79880840314856
-0.055 55.7815358257161 9.18275183183546
-0.05 82.5657657501618 10.9409071946076
-0.045 83.6855664787317 9.45810124442445
-0.04 161.190355299814 13.047811632862
-0.035 229.273991841232 15.6558373787904
-0.03 343.640854651452 18.877822433587
-0.025 464.721452274836 22.0943310260634
-0.02 575.47055507096 24.6296664070031
-0.015 709.099409509709 27.3753914573489
-0.01 845.188908730117 29.8327414411444
-0.005 949.588413807001 36.9290747822065
0 931.491700804095 35.7758528450826
0.00499999999999999 873.146004323277 30.3796370112508
0.01 793.267218808825 28.9723528643099
0.015 604.175711598164 25.2119106009411
0.02 420.278298348143 21.1045993946521
0.025 272.085227783412 16.8536887568003
0.03 144.647995589117 12.3603072826763
0.035 94.1694761960164 10.3955196773741
0.04 75.2669428510974 9.81010643122275
0.045 32.6132899967979 6.47217476364465
0.05 22.864881491518 6.69647517392599
0.055 46.7141625995918 8.18942629747124
0.06 40.3529165421445 7.70976203360591
0.065 19.1681057852151 5.33053479154155
0.07 37.7513337585725 7.8126071312406
0.075 61.2464089110442 9.21522770335123
0.08 94.0583378881478 10.151663962441
0.085 113.565215366931 11.0874401301912
0.09 121.512498685772 11.3789424508218
0.095 149.730782000493 12.6992926487792
0.1 119.339139948417 12.9221060047109
0.105 130.141628465862 13.6189145394104
0.11 131.984578755184 12.1928398062759
0.115 176.953709375035 13.8663667317976
0.12 211.8620299596 15.1639639103338
0.125 233.238222341919 15.9002075872332
0.13 245.026217200844 16.303841656447
0.135 235.400667812398 15.9829217351497
0.14 271.349149420299 17.0364472744884
0.145 376.408338937719 20.1720503460394
0.15 446.294403032394 25.5035016134496
0.155 574.733456582681 28.2705563855946
0.16 923.902294326948 31.6369525104758
0.165 1306.990127771 37.7317268380303
0.17 1666.93963916149 42.5421599717575
0.175 1898.37195896944 45.386929373719
0.18 2023.68242798484 46.8893794849617
0.185 2134.6881357679 48.1703767547354
0.19 2144.92129734094 48.2784169411295
0.195 1980.19875014103 46.4043651486884
0.2 1761.41460297827 50.0080381870457
0.205 1359.53282080763 45.2632105849971
0.21 947.485287286912 32.1390509486174
0.215 647.660702946967 26.4809362779046
0.22 426.131060153758 21.5201891299468
0.225 244.567159340402 16.1628767421165
0.23 129.993879757003 11.9935779903136
0.235 104.393304556275 10.6941475528355
0.24 96.1966261092906 10.2963634105648
0.245 90.3794457793879 9.95160385841394
0.25 75.7070179846847 10.4495371066545
0.255 67.9225318343392 11.059494003342
0.26 49.0585919643089 8.19528005485323
0.265 98.7142335510897 10.3853824206202
0.27 101.420111413953 10.5357685347548
0.275 57.6925503286022 8.07571839051759
0.28 67.9941089442717 8.9790743532786
0.285 146.31664099063 13.0903830618862
0.29 189.107967445905 14.5004105957983
0.295 166.289674208841 13.6442270285148
0.3 89.0743259855186 11.1826028640604
0.305 80.3522696303549 10.7690192578877
0.31 170.411622588203 13.8899995920517
0.315 206.407978872441 15.1452438868959
0.32 171.740651183997 13.7677063745358
0.325 168.82626438342 13.6567362251094
0.33 176.604899768562 13.9218360119022
0.335 225.931239639719 15.5639998000677
0.34 329.934547566516 19.0829474447588
0.345 344.776966208283 19.5836089145947
0.35 369.466361262167 24.0580040687889
0.355 427.22525736653 24.7661244307738
0.36 437.01412926473 21.9446245340071
0.365 433.171235485789 21.8510861306669
0.37 435.70545688309 21.9478032153663
0.375 419.706136686265 21.5310103846355
0.38 386.106605949879 20.6317260884942
0.385 368.183905022213 20.1588080678983
0.39 329.004840429954 19.163244441943
0.395 248.769880052885 16.8696014380713
0.4 167.492057809486 14.9533439286345
0.405 82.4511431780773 11.458577164156
0.41 54.182730493778 9.09779757660057
0.415 69.609715390562 9.2569266702194
0.42 97.4800438818054 10.6280268250796
0.425 81.7519290138994 9.58799291169643
0.43 38.0993148983997 7.36254264965551
0.435 30.2904135959641 7.3675020631131
0.44 44.5516901917129 7.55756835728223
0.445 26.3560896949822 6.21658003804706
0.45 23.5406873472525 5.90537859266499
0.455 43.180008812031 8.94134921383574
0.46 53.8086135927704 9.06481734703861
0.465 77.9261583572968 9.21098524831532
0.47 63.9776228248296 8.43944557920091
0.475 70.5642176245156 8.84026567923489
0.48 58.9709396916961 8.72343016772684
0.485 39.8008498105282 7.78389538652846
0.49 30.5714498127268 6.2500047697314
0.495 19.4553201039882 5.78816945905532
0.5 55.682876711487 9.86447350596391
0.505 73.730127079407 9.9642315411558
0.51 63.2622666585132 9.32626208600264
0.515 65.1289972418157 8.89058465312644
0.52 30.315323757625 7.56061356491958
0.525 137.887700220922 12.2151930612568
0.53 206.017765971114 15.2299705461291
0.535 174.702436787 13.9989376618763
0.54 177.502867116739 14.0300783713635
0.545 222.928419903371 15.7878679404585
0.55 192.971942836546 14.5106397176842
0.555 137.220733771425 14.4711968162937
0.56 115.142428433095 13.3772624783719
0.565 76.2162419595735 9.95909516195371
0.57 60.9237725302914 8.99610174870383
0.575 55.9650685840316 8.24253261558378
0.58 31.5666176218691 5.92770583042525
0.585 21.7778758882532 5.1492100441704
0.59 28.9260750078976 6.25518306461268
0.595 27.7549168231006 6.27378120576797
0.6 31.8690378622785 6.15345647626079
0.605 43.1847779190269 8.10356685044307
0.61 49.425652515961 8.58592009247915
0.615 56.734793863988 7.91508570060512
0.62 85.2388030066925 9.63944450533732
0.625 54.0406540700844 7.48935968912186
0.63 32.9391818731918 6.26812117472085
0.635 25.890779256321 5.72600448132722
0.64 31.249326197145 6.0246231761831
0.645 77.690479033334 9.06825064610749
0.65 94.7517208115645 10.046478987736
0.655 33.1016468515723 6.5364245924094
0.66 48.740074022931 7.83310110702046
0.665 73.7247917842852 9.14061067777794
0.67 42.8255565773195 7.47486854378921
0.675 38.4781603498158 7.17115516636174
0.68 65.7272103743281 8.5071612704125
0.685 58.4689541197729 8.09055856657472
0.69 76.6191932948481 9.12394529976326
0.695 118.446069413584 11.3695828430679
0.7 96.765689243443 10.4055968978106
0.705 103.680251392625 13.4589870320016
0.71 176.374609036252 16.3873788457268
0.715 132.126207938961 12.05750822298
0.72 82.6949365125321 9.87656913827811
0.725 64.7475683120183 8.80482355995058
0.73 75.2491154722945 9.08242299315423
0.735 67.9227567797534 8.62413479583314
0.74 81.8957652415774 9.3570415450459
0.745 78.6913519796961 8.87352556811949
0.75 10.8627944712853 4.53123235394454
0.755 47.2530307904431 8.01498327582582
0.76 33.8130089437516 7.07795171677047
0.765 40.325636621097 6.79057322700528
0.77 21.779144701891 4.87092303420744
0.775 35.2783675197538 6.06969279120563
0.78 36.5115173019904 7.84460874224054
0.785 16.883244386886 7.74660931509981
0.79 37.0382133665335 8.67775201849863
0.795 26.71502626194 6.12646715155915
0.8 21.0738039976031 5.17147411541443
0.805 18.2294813453609 5.00031261382007
0.81 37.8337214600926 6.89756075630614
0.815 33.6551343831825 6.57084357660756
0.82 24.5329767117265 5.78184621964286
0.825 15.4108190402706 4.99284886267815
0.83 11.4701588513582 4.32971994083283
0.835 13.6933875107933 4.52929489327054
0.84 18.8090337756596 5.099043780759
0.845 20.5961746881516 5.56689716243492
0.85 19.3423124647053 6.01807405514799
0.855 31.4541746397294 6.26725661144865
0.86 33.0925880175431 6.4901967618252
0.865 24.3617010959605 6.0909349020223
0.87 36.7516455667903 6.73834571653257
0.875 32.0770532609033 6.02955332367854
0.88 15.660225847154 5.70076078090342
0.885 15.7385042974597 4.99884948888623
0.89 26.6859203980448 5.70219484025403
0.895 48.5395696601811 7.5484450918646
0.9 49.8768546839044 7.47476680587436
0.905 33.3927142157042 6.34813237395626
0.91 56.7980738733233 9.19490523548161
0.915 36.266340878115 6.25524979711656
0.92 17.072924194697 5.73362886629045
0.925 6.62095904797946 3.57319107658875
0.93 6.52486701847465 3.18696935953323
0.935 9.00237745987587 3.31270062837545
0.94 22.0293382380714 4.88164187010383
0.945 33.4490555402786 6.45555540216037
0.95 37.1409537256757 6.79799323310851
0.955 37.2705283567566 6.30241593331352
0.96 27.5139440308138 6.26123258693015
0.965 48.8294571418639 8.12078209790172
0.97 33.934037212682 7.44317645535505
0.975 9.29397546334527 4.31408641991645
0.98 5.44781592845842 4.04828452268495
0.985 20.3520737895176 6.35798918302872
0.99 41.2850584803705 7.14132821195482
0.995 42.6680791267015 6.79945586383754
1 37.413939493594 6.4488880565416
1.005 32.1597998604866 6.09832024924566
1.01 29.9331341600473 6.57346039970937
1.015 13.939612351972 6.67012271557383
1.02 14.2535486283788 5.61731486724763
1.025 8.99134538608888 4.09068131027425
1.03 8.21314788680173 3.29165005671447
1.035 35.2375469071209 6.06463100759734
1.04 36.0800784193699 6.36835827890613
1.045 14.1247929157512 4.25617016332908
1.05 10.6075286948488 3.91883529062016
1.055 24.580760700007 5.19217731363007
1.06 25.7596031130585 5.54516646365822
1.065 13.1643338243743 5.20000480944039
1.07 4.43453443569772 3.11422171328344
1.075 3.15121064230805 2.43357515054802
1.08 13.7144416840714 4.89617451554695
1.085 31.1352957963885 6.8346062243761
1.09 38.6631433118019 7.03005939078402
1.095 25.392782279809 6.93224894628859
1.1 24.3047142099923 5.94613276568958
1.105 19.6726723582537 4.28143921540689
1.11 6.09945835017623 2.61577485490782
1.115 8.93771910767291 3.54908753551154
1.12 11.7759798651696 4.48240021611526
1.125 14.6142406226661 5.41571289671895
1.13 18.3320642206238 6.09932000128931
1.135 16.2376136882572 5.50552638681162
1.14 15.0058849400287 3.98469255919487
1.145 23.7207386859401 5.09628942796773
1.15 11.876062301204 4.85616548292771
1.155 20.7991973610761 6.47211316647027
1.16 26.2060117598242 7.29218190800663
1.165 22.9534529627171 6.6993533858785
1.17 25.4428603325847 5.63382039917371
1.175 22.9091444416619 5.6968378764421
1.18 22.3034363122433 5.56307053854723
1.185 23.8574255013609 5.36507052935236
1.19 22.7092600724712 5.06407464954324
1.195 21.5610946435814 4.76307876973411
1.2 16.7987412499379 3.76155789458523
1.205 6.85029472894885 1.75483532564094
1.21 9.77957987630774 1.96643360559561
1.215 39.1310557786267 6.7295241929554
1.22 6.05657338966925 2.89364193957932
1.225 11.8218975998064 4.59221235998825
1.23 15.1436500801833 5.26741765882212
1.235 7.87733950378366 3.74529203977534
1.24 20.0737014722245 5.92739496125584
1.245 29.2408816195866 7.66661519096696
1.25 15.2817577958986 5.4127637176502
1.255 6.766209766864 4.05365956344138
1.26 3.69449124925968 6.04880850109564
1.265 25.9605608163838 7.28590648615145
1.27 46.2259281835214 9.57291404954738
1.275 37.6555790468263 8.42809938518525
1.28 27.0150931526658 6.33281190310372
1.285 24.9067097958124 5.29721877588653
1.29 9.10316101286578 2.85813929113959
1.295 4.51123740860194 1.97382117030249
1.3 12.0773880403441 3.84878763248497
1.305 7.53436989378258 3.48443103046403
1.31 4.00187224055365 2.8381617164128
1.315 4.01420932230977 2.34468115255362
1.32 4.88034550212845 3.91262191308777
1.325 11.963897666257 4.49644722511146
1.33 9.92864139962721 3.28506541886691
1.335 6.4075413686063 2.8985234509195
1.34 11.6575330003046 4.61633503470365
1.345 7.21004016337151 3.62285554741577
1.35 2.0735312006952 2.10384031582323
1.355 6.53216552925924 3.35233995180115
1.36 13.1019337326625 5.09321667599704
1.365 8.16309329341109 3.34803071363473
1.37 6.57396624023882 2.4523293186109
1.375 6.30205542909142 2.6577404992017
1.38 17.3221859521812 4.67628613495658
1.385 34.8781769151452 7.89324442455084
1.39 29.9219614626149 7.29092158306135
1.395 3.52818537284736 2.72503262964776
1.4 9.27990962750502 3.90115960001857
1.405 15.9977744690013 5.25801962310076
1.41 16.1115005529041 5.10918257328879
1.415 13.5189188353334 4.58622166082732
1.42 24.4080769153194 7.40740531985025
1.425 27.6340891250051 7.86887958797391
1.43 30.7597884198324 8.31245046033311
1.435 33.8854877146599 8.75602133269233
1.44 32.2375701220395 7.84101122226068
1.445 11.3584071992647 4.81616214751081
1.45 1.78513989847334 3.67873136727469
1.455 1.41575043497556 2.58879367061009
1.46 1.22548953026637 1.72103828835734
1.465 7.81023365335629 4.16520651740017
1.47 31.5544379710786 7.03588070960307
1.475 17.2322131845355 5.0848183804227
1.48 2.24253149379467 2.46189867654731
1.485 19.4712981791199 5.87578621845191
1.49 31.2946285549741 7.78293574670396
1.495 21.7589800219508 5.33768342225277
1.5 16.3026701024835 5.30766677193984
