-0.1 23.3197803571086 5.10552965544558
-0.095 18.9587962846747 4.99427512702223
-0.09 11.8073382805653 4.53089726910199
-0.085 23.3653512609519 6.56495756115868
-0.08 26.6902046687491 6.85192451037005
-0.075 26.2900368189506 5.62378415193679
-0.07 27.1400464876364 5.96098103819198
-0.065 23.0019722252616 5.73841062391074
-0.06 47.4787677249762 7.5782567675009
-0.055 54.3280320391459 9.02790135040116
-0.05 68.6892153517786 9.33987180410455
-0.045 61.5988311054754 8.18248678510957
-0.04 97.6272587049692 10.077094802376
-0.035 154.506603761595 12.7093309230541
-0.03 216.934356797068 15.1258681590752
-0.025 278.849077598878 17.168283956832
-0.02 362.306362833199 19.6687089211294
-0.015 473.64053641375 22.5727937656479
-0.01 544.426390804782 24.0453256715884
-0.005 553.307024836123 28.2581886307806
0 585.349794363597 28.110439721887
0.00499999999999999 596.616101444626 25.1317461610821
0.01 580.547252942411 24.8179568418282
0.015 524.877182842558 23.5783343194662
0.02 401.78591042957 20.592925378427
0.025 276.683645818105 17.2061534234539
0.03 176.066877638041 14.2189785114044
0.035 97.8553747258866 11.4494895605952
0.04 116.590035508073 11.1097429374229
0.045 112.877987930685 10.741729676028
0.05 43.2920188927612 7.82661516515398
0.055 46.5889559917659 8.00786672479835
0.06 32.6337929486494 6.54139324404949
0.065 76.813387688274 9.01701247828677
0.07 80.9139400296728 9.77553666588109
0.075 41.2756150072781 7.65267175500915
0.08 39.7515280791488 6.46501504537359
0.085 13.428799788963 4.92271946122254
0.09 1.75251914662758 3.58678276636716
0.095 0.893393089059077 1.93807455033597
0.1 0.17946888630404 0.383649819356832
0.105 15.3356847100372 5.39186255249905
0.11 43.1966485902562 7.67384206390182
0.115 57.4105537234441 7.86078701072428
0.12 52.1837955773924 7.75828260345222
0.125 60.9022017090998 8.54805832490192
0.13 45.0661284200078 7.71354889793533
0.135 7.89937886968472 5.46841127716009
0.14 52.9125173522637 7.81001021431388
0.145 70.5417324982649 9.06008033465639
0.15 5.41717685747147 6.43102111755638
0.155 136.004756755719 13.8914913098196
0.16 187.408449279585 14.3121349863833
0.165 330.572624398777 18.8487096016649
0.17 454.516192801043 22.2447886006874
0.175 539.061566204022 24.190668970263
0.18 559.293340512645 24.6570585267581
0.185 570.417873044351 24.9347814068409
0.19 631.511533817031 26.2733728013521
0.195 653.072687548331 26.6738592913632
0.2 619.328045838207 29.8142075648545
0.205 502.058023687405 27.4605081343008
0.21 352.457005945715 19.5658021716871
0.215 281.559510047201 17.6642692458807
0.22 219.557716451583 15.5401098053729
0.225 142.187754734057 12.4637992148493
0.23 74.9364023953751 9.53878860593429
0.235 43.7796515085072 7.98574231265567
0.24 79.0034973220807 9.32054331180405
0.245 59.2410869447305 8.77455800465461
0.25 34.8074864353013 9.00233805166389
0.255 33.6065305996897 7.15500660280277
0.26 18.8159636120284 5.49395695871954
0.265 15.4485430343745 5.30423179542127
0.27 31.9536286596163 5.92030651165464
0.275 14.9187301506904 4.10858432743142
0.28 6.99203730045289 3.60014242816292
0.285 29.3952740668438 5.90723548435354
0.29 34.6835872477602 6.58469501163563
0.295 11.8634687282084 4.70649830202206
0.3 7.2492736472815 4.58717381472668
0.305 4.56667443396717 2.97252770815528
0.31 8.6533377211191 4.16417594739317
0.315 31.3216539776981 6.35030728103633
0.32 24.4401034463426 4.68774401009964
0.325 2.76095609851136 5.56963351879403
0.33 21.1100303083678 6.84795893594082
0.335 46.8478388413748 7.82242359657747
0.34 87.7209862621325 9.97470626948983
0.345 113.187017261866 11.2461341806746
0.35 84.6272515176329 11.3192056633605
0.355 97.9219237621355 11.8670022729684
0.36 191.905106759845 14.6979837073281
0.365 196.461391180064 14.8687291885345
0.37 204.547709676988 15.2231363944324
0.375 185.884367483926 14.7329916302963
0.38 173.040416569727 14.2453191500565
0.385 179.076755869657 14.1938605378381
0.39 128.537850286288 12.2356840212249
0.395 89.557437407718 10.6414873812637
0.4 87.1916526632408 11.3646450686723
0.405 46.4126418345293 8.35737282478139
0.41 55.522810560267 7.85130231973931
0.415 64.6036049809894 10.4131515408832
0.42 56.6338211165209 11.3109456121722
0.425 12.4286423626817 5.42551267804592
0.43 10.3612672591218 5.27485113518023
0.435 21.9268698657315 7.01530038148662
0.44 24.098707337483 7.43222361786752
0.445 2.95047936406299 3.09365144187847
0.45 6.68163419168556 3.02988235373552
0.455 18.6527916896784 5.56967480896327
0.46 28.5036969122933 7.82718605275223
0.465 12.1653525400216 5.16675373254686
0.47 5.16629949472845 3.02348715142273
0.475 34.1237379148798 7.47476959765503
0.48 34.979584383343 8.84082223932362
0.485 31.6972639764489 7.63905033399699
0.49 36.2006483890341 7.07565877315424
0.495 36.2932512803984 6.50059083012189
0.5 28.2863505519562 5.92705236941999
0.505 28.7884121011203 6.78336487937107
0.51 45.9189910192873 8.70460245645119
0.515 59.215216832159 8.49870595285579
0.52 37.4882252591616 7.57092999252134
0.525 23.9624001875273 7.09592398358568
0.53 43.0992285661433 7.82910149833611
0.535 76.9138282962769 9.48215296235965
0.54 92.0496709246904 10.3067307594426
0.545 50.8634523959949 7.58217251180724
0.55 9.11743058775136 4.53945685091222
0.555 20.7441234840831 6.11019917353263
0.56 75.0732123253064 9.71738085154454
0.565 88.0750192221543 10.3395121013284
0.57 42.8535264318539 7.07737481955644
0.575 22.8879096060387 5.5740545824043
0.58 20.0281113883242 7.74682031262935
0.585 24.2659761785513 7.37420983660549
0.59 77.9891590392333 9.2123945402776
0.595 103.316461657768 10.9502393101497
0.6 40.4488068872319 8.52159298591856
0.605 18.6260807980254 8.68983565218574
0.61 8.23297799178731 4.64034328626584
0.615 9.97826669153183 4.57224098305001
0.62 13.1945741231169 5.10865025002154
0.625 6.1591289333643 2.75177427452897
0.63 4.46662507028818 2.41437078112414
0.635 2.77412120721205 2.07696728771931
0.64 1.20691318407071 1.64203721550818
0.645 2.16158911535975 1.33949469802118
0.65 10.9687103146326 3.82860111198112
0.655 9.73925085516121 4.35510677922435
0.66 36.212666924451 9.14347298033948
0.665 15.4996772736029 4.85000669442556
0.67 50.6544758578441 6.5686219338154
0.675 33.5112504049998 5.46142923575372
0.68 16.2371239983222 5.42432008835633
0.685 40.2380124886113 7.60061065338028
0.69 55.3565047725946 8.39589027371426
0.695 44.7941875619741 7.72665392947183
0.7 37.6531757919548 7.52027582484832
0.705 55.6634433836663 9.15142325212985
0.71 23.4883640531153 6.27661971882283
0.715 38.3397004493517 7.59683577353276
0.72 53.1985449726706 8.25247544382277
0.725 28.0269989220365 7.15259027543482
0.73 33.9492157598041 8.74611872244322
0.735 44.3532408287695 9.32832098974437
0.74 21.8563289145458 4.76230961021023
0.745 3.02492000096177 3.86399679228285
0.75 3.77237880730931 5.79066667417418
0.755 20.261925856999 5.68893407187737
0.76 6.17832496107378 5.47593703691779
0.765 14.3783225068349 5.46670946844185
0.77 21.636883597005 5.55221645879545
0.775 20.8319180418919 5.98900096996615
0.78 14.8060961931843 4.61976026270823
0.785 6.77338972225336 2.55628779836122
0.79 4.66405407575001 1.94109656280849
0.795 15.2794635362156 5.35661550037482
0.8 22.5459276245196 7.09369106651829
0.805 34.4754754516575 8.88700430322478
0.81 34.1205389739745 8.83771063580869
0.815 22.3348661354338 7.07386768695017
0.82 4.67289776215261 4.28084212690998
0.825 1.2034558257892 4.67292838309407
0.83 11.0827727943183 6.06245101191456
0.835 9.07657171877255 3.53859619007879
0.84 4.59318725606329 1.591605379838
0.845 13.4796790796689 5.26548549413848
0.85 6.25408030176559 7.06795596086999
0.855 2.3048850139931 4.6404996834768
0.86 23.0353590109766 6.10103623940196
0.865 24.9334385585371 7.02447805350581
0.87 12.1536204897753 5.85134168925341
0.875 84.185175610492 13.8381164487203
0.88 68.1505297749998 11.5798902487733
0.885 33.7226096948411 7.31455955339114
0.89 6.15589236869749 3.71720170555468
0.895 4.09213622256696 2.60268632878387
0.9 2.02838007643644 1.48817095201306
0.905 0.488659480324502 0.654531791551535
0.91 8.06816809695787 3.43878768896713
0.915 16.0406174779028 4.68579053344036
0.92 13.6713208886686 5.18585258475104
0.925 19.0916887169977 6.15525519984561
0.93 16.9461498270129 6.18207833748345
0.935 64.013623836532 11.846145425497
0.94 49.2007027032203 9.52572675328824
0.945 10.5470531420669 4.07079096611464
0.95 12.3503564625131 3.93700042101362
0.955 26.3550930302949 6.08687794174758
0.96 32.2652510790069 7.77616849109996
0.965 38.1754091277188 9.46545904045233
0.97 30.0829362890204 8.18634638637259
0.975 21.3765694030662 6.77709496972071
0.98 12.670202517112 5.36784355306883
0.985 8.14571552953782 4.76587216177593
0.99 4.65366273133937 4.36320431789088
0.995 1.54439452807009 4.08149592785576
1 1.66869591689734 4.31939929902419
1.005 34.1311818208096 6.55494594801979
1.01 72.7461756829113 11.0124492566523
1.015 48.6475399117726 8.94335949088563
1.02 52.800165719677 10.8408933791905
1.025 10.3139158416675 8.00480513248281
1.03 56.2402460894523 11.7229345551026
1.035 16.9372053497524 5.71613003056281
1.04 1.75748509222581 2.60854712659346
1.045 2.40344650013224 2.37514648002653
1.05 16.1451186836306 4.01909587070523
1.055 71.3046886557842 11.5672115411335
1.06 51.9721741747404 10.310431348569
1.065 22.0479359338725 5.97652798414421
1.07 29.4945087318736 8.09674071940503
1.075 25.526770099898 7.49250133035867
1.08 16.3592673228289 5.922963519953
1.085 9.94040312028614 4.83139882948286
1.09 17.3265708847615 6.02467227250868
1.095 40.5000694761068 9.73108719677975
1.1 33.0497613848603 8.7447140619175
1.105 26.5457080588944 7.75658558252803
1.11 27.2160792484423 6.5490887175389
1.115 8.06924328781711 4.27693269885128
1.12 3.21951220082693 2.28778140282764
1.125 3.81900496705344 2.02802907074089
1.13 12.1290221849209 4.37357517712199
1.135 15.2806805890395 5.40019965042589
1.14 10.3670967284946 4.36465224252582
1.145 5.45351286794995 3.32910483462579
1.15 2.7026356428797 3.98310327621213
1.155 10.758500814726 5.98823374062057
1.16 24.6355473583043 8.09955078956451
1.165 28.7261998250134 8.18600567565687
1.17 29.9726654639553 8.35905319111198
1.175 31.2191311028972 8.53210070656709
1.18 15.8740099207161 5.38752831533336
1.185 9.92403626986656 3.68562306760109
1.19 19.3662903500973 4.88620586995524
1.195 13.915609787972 4.16172194505842
1.2 8.46492922584693 3.43723802016163
1.205 3.01424866372161 2.71275409526482
1.21 4.30288906156995 3.34146793341325
1.215 11.0963261843789 5.07549767185452
1.22 4.43017628802764 2.50932581361251
1.225 6.00564783321934 3.48441115654773
1.23 4.33096771047361 2.9812838325425
1.235 10.4325843918818 3.375587817131
1.24 17.307472834171 4.5725739420143
1.245 0.434369848798329 2.07305275381738
1.25 1.32464945155551 3.14762993593973
1.255 2.89940327913119 4.38842975800617
1.26 4.80663169893501 4.80411013446413
1.265 2.35835051156654 3.10275603140456
1.27 1.64244740727659 3.94633465940897
1.275 2.39460015397427 4.08845377674007
1.28 11.4453437445898 4.99089288519638
1.285 20.3533939843115 5.93185403464712
1.29 12.5068965434637 5.3271922888368
1.295 4.6603991026163 4.72253054302651
1.3 18.9012211252432 5.482081073444
1.305 31.1043025942464 6.03571258832787
1.31 21.0349706564963 5.44345932688514
1.315 22.3681584044648 6.72021976714069
1.32 41.7296246425395 9.44084094172589
1.325 47.6245697545809 9.95945054539281
1.33 35.0748484902088 7.46203482206769
1.335 22.5251272258373 4.96461909874267
1.34 9.97540596146531 2.46720337541755
1.345 1.54939223055611 1.47284285014981
1.35 2.46262483890412 2.26262724914899
1.355 7.11881195750996 2.89663430045572
1.36 24.0176983116381 7.21749867232986
1.365 12.8887352093344 5.29680062438379
1.37 1.75977210703076 3.37610257643772
1.375 20.6522674415474 6.55281831124987
1.38 30.9131374595936 8.24764562169682
1.385 23.5791108198563 6.92793560724571
1.39 16.2450841801193 5.60822559279466
1.395 8.911057540382 4.28851557834355
1.4 3.59190283354374 2.72692653762332
1.405 0.851224833802705 1.40073434264144
1.41 12.5617586254354 3.79820482691141
1.415 34.515614746612 8.80894990900355
1.42 44.619598593168 9.51746006624282
1.425 21.8216955139038 6.06482274674677
1.43 10.7976912925244 4.56216908560093
1.435 2.79130168057244 3.55929032880988
1.44 5.30663880035813 3.93316128989513
1.445 13.1552248062469 5.33098569757491
1.45 12.9184061110315 5.1603807955909
1.455 6.74910832737726 3.6756268504997
1.46 2.25387246094598 2.77584919832048
1.465 0.996207977971832 2.56912133341951
1.47 1.61533284303636 2.62704467460399
1.475 2.23445770810091 2.68496801578847
1.48 2.85358257316544 2.74289135697295
1.485 3.47270743822999 2.80081469815743
1.49 30.255150278467 7.03795110087014
1.495 43.9842008166558 9.71295324142005
1.5 19.4892584554854 6.40712674543781
