-0.1 12.528059348035 5.20092995233036
-0.095 33.411137862649 6.04034859914172
-0.09 57.6772807898968 8.57110203933555
-0.085 18.0230466791875 5.87413923657853
-0.08 48.0011725846194 7.66244222077778
-0.075 63.8100575346197 9.26769571073512
-0.07 68.1984443476696 9.22399933715163
-0.065 38.4258825129825 7.59583996533138
-0.06 79.0958918273679 9.49608347023087
-0.055 169.333675924628 15.6983082106259
-0.05 171.920002136396 15.4090016325574
-0.045 148.897174105801 12.6173867412352
-0.04 177.60140793467 13.7544805035968
-0.035 279.47483220354 17.0659845344765
-0.03 353.89516943141 19.3043187772489
-0.025 496.072372183103 22.6959683829052
-0.02 658.877498583452 26.4428511805019
-0.015 765.748193491996 28.4889309332588
-0.01 879.926871480569 30.4748772522506
-0.005 931.971028780794 36.6980809132959
0 996.136308547729 36.7440463001139
0.00499999999999999 1061.62738518925 33.5159466646998
0.01 1008.77919668239 32.6579900050424
0.015 817.5996300675 29.3455486807775
0.02 620.083773759935 25.6536917946789
0.025 464.85659171355 22.2722220487443
0.03 324.243819026328 18.552948491177
0.035 192.380034866649 14.0774230262246
0.04 80.8761221192332 9.41276736577472
0.045 44.5908305469975 7.53367138393234
0.05 39.2634184476418 8.10213444151438
0.055 67.7364275081745 9.3241213779828
0.06 51.9977193828418 7.26400943408209
0.065 48.8143954478095 7.18550710027125
0.07 50.1575154238149 8.90700853635304
0.075 34.453080240858 7.68261985056957
0.08 50.76048434335 7.91873599612225
0.085 95.4859161771325 10.0972380331441
0.09 84.2556107523413 11.0042656376792
0.095 49.0325397057203 9.73416621025137
0.1 106.283801197453 12.8570540813748
0.105 172.588606077243 15.4995506817432
0.11 190.295263434135 14.6206278856651
0.115 204.067034706432 14.9363975782469
0.12 176.038577377027 13.7057565323954
0.125 132.454340200861 12.3894498245186
0.13 225.925899520103 15.5149436653023
0.135 323.285943089866 18.6024652390324
0.14 350.491970101257 19.3380815083451
0.145 430.858174164573 21.4653089165772
0.15 497.973452472363 26.5390092649375
0.155 621.799295562106 29.2220603535057
0.16 921.702931015216 31.3972235698341
0.165 1318.29008050468 37.5947599642343
0.17 1672.91818913932 42.3495550680574
0.175 1957.79036056015 45.7551348654554
0.18 2154.70527439259 48.025768520064
0.185 2229.2578920141 48.8616614497302
0.19 2228.27482061823 48.8542949573787
0.195 2175.27343494418 48.2752270576928
0.2 2018.11453010686 53.2260719432003
0.205 1654.8890606014 49.4740502728904
0.21 1201.77805273597 35.9415475354902
0.215 870.313812925036 30.5970304552617
0.22 645.634475184485 26.355788527564
0.225 419.571437895418 21.2405810784854
0.23 265.208770303425 17.1858423467837
0.235 210.477367690488 14.9491516178378
0.24 125.467621847129 11.5280667019931
0.245 102.195118945289 10.4836630948044
0.25 129.215793886834 13.2125155800827
0.255 58.7784168531468 9.59550194459617
0.26 87.8254895906931 9.61215715301974
0.265 112.659485244762 11.4100007065176
0.27 131.677205931427 12.1758048846337
0.275 141.54801853064 12.4148407175886
0.28 134.434497764589 12.1935750774255
0.285 151.116605074912 12.8580243086271
0.29 157.346364164338 13.093462842586
0.295 137.832218627714 12.4173026005871
0.3 206.78393402383 17.6014884781393
0.305 234.459330847916 18.4070766918312
0.31 193.325961041962 14.7292216269721
0.315 204.23681215955 15.264415531283
0.32 251.172452321688 16.6440743268448
0.325 269.912378180122 17.1761243009094
0.33 273.920290356566 17.4459730103685
0.335 249.041551848958 16.6757301514323
0.34 235.400221892787 16.1587355982523
0.345 337.548049509254 19.0621643021147
0.35 447.134115275672 25.5383105508963
0.355 421.013960015071 25.0314739693443
0.36 443.146173345431 21.936334893546
0.365 541.501304267862 24.0899128659247
0.37 545.34780154177 24.1911495583664
0.375 500.871647231257 23.18188743964
0.38 435.186083841294 21.6096676250344
0.385 345.070166735634 19.2533870000037
0.39 273.825610616262 17.1796497137469
0.395 261.967971971276 16.8313638555769
0.4 264.946823650501 19.2791168414108
0.405 193.36837422153 16.648883203146
0.41 162.037118115904 13.3521236851992
0.415 125.611296405793 11.6628020802151
0.42 96.347612278134 10.2128801403515
0.425 117.449010975212 11.2976317760051
0.43 85.9827831980199 9.33946095956514
0.435 43.961854922092 7.07800466519776
0.44 44.8214439926804 6.8649867532345
0.445 17.1646584005291 4.86613506787317
0.45 78.4971377277627 10.0703524181662
0.455 61.1489436880063 8.98375426811295
0.46 56.4882881135949 8.97499492624027
0.465 53.1544311828737 8.99600202336721
0.47 26.7678148198671 6.73731950375148
0.475 4.97410029045422 5.41870524203474
0.48 27.3393867040902 6.70141749319167
0.485 68.7227373644177 8.48160841545107
0.49 86.4162338674846 9.72419895513637
0.495 117.708655410217 11.210766371544
0.5 150.904060985058 12.7293680656215
0.505 97.3463170246736 11.6480136803972
0.51 115.716323273137 12.8029095314369
0.515 128.266491908213 11.914632883439
0.52 162.533807518981 13.2965053668262
0.525 170.426042854021 13.476850739656
0.53 159.762493232691 13.2854210125689
0.535 155.157918489767 13.082404265263
0.54 161.80327270555 13.1206593735431
0.545 177.28194694895 13.7428964333344
0.55 156.618829937649 12.8718476968393
0.555 119.522272232025 12.9656066646048
0.56 127.521556273176 14.052675434712
0.565 96.2168945382131 10.6145152131073
0.57 94.3908120628277 10.269652456147
0.575 61.2792262495509 7.95992260874669
0.58 61.2759104742093 8.34505161274376
0.585 59.4461495152026 8.17462167457382
0.59 30.2011038253852 5.79788021945174
0.595 48.874919007978 7.86228665306768
0.6 12.3197666525534 6.65962314998955
0.605 54.7577071898227 9.23425070576974
0.61 43.2892495798423 8.56260152711156
0.615 17.7994223041697 4.78526996650204
0.62 16.9903641472614 8.48784172622663
0.625 33.8164562896723 8.13926136149913
0.63 75.2980740420632 8.98840965124022
0.635 121.995067796753 11.8300625009929
0.64 119.150333848377 12.3419150001388
0.645 80.21584299895 10.110345911784
0.65 69.3121438747417 9.63842540122699
0.655 78.6954427895382 12.0430811327172
0.66 107.407574579836 12.3062541844533
0.665 96.0889533923478 10.6080282157787
0.67 65.2981116051478 8.55178000341872
0.675 140.555521461585 11.6223721574796
0.68 174.688279425232 13.4877568891901
0.685 117.912680878523 11.0432422990579
0.69 79.0462043355365 9.29557546916825
0.695 80.3927850671438 9.41483920140872
0.7 114.979629140007 10.9821425694499
0.705 137.061080675163 13.9111593535531
0.71 70.0015056498824 10.3517815497558
0.715 104.396394819547 10.229585338538
0.72 129.149802703225 11.7215236047426
0.725 89.3204878857712 9.65810654301892
0.73 68.5845285087715 9.0191976581022
0.735 66.5958705586346 9.1472674817748
0.74 51.0166237500573 7.77748971919127
0.745 39.4454520255429 7.00495705032292
0.75 50.2834416377149 7.27544547071189
0.755 36.0527841471409 7.10812058898719
0.76 2.01776447087326 5.52620222002419
0.765 25.3590358493272 5.83721247497059
0.77 34.5808588086886 6.28861182884565
0.775 24.1449166483818 5.70848112665031
0.78 12.0011355255447 4.26581986789286
0.785 26.7642903719204 5.29908326170991
0.79 28.6047696726891 5.36814934397126
0.795 10.1068054140928 4.30921250315349
0.8 4.15786767346016 4.73939550853373
0.805 26.6809420830336 5.72630656948389
0.81 21.9168149113154 6.6945576184203
0.815 19.0866418644725 6.24614091973202
0.82 29.7381517604005 6.35096446896243
0.825 40.3290386178886 6.52025529637553
0.83 36.5333413703287 6.13669928967488
0.835 12.5651060406971 4.59491442692118
0.84 24.8757374068329 5.87198139320626
0.845 49.1206122855794 7.50317576403892
0.85 34.9776096580317 5.82428737073129
0.855 3.49208389007132 3.44743553246221
0.86 8.66082822150243 4.33205688131003
0.865 13.2869480241545 5.14148016574229
0.87 17.3060641166471 5.86678358150627
0.875 7.79705099754742 3.50835892128546
0.88 0.938420552223577 2.71602754608226
0.885 23.2606253277512 4.85645256688885
0.89 48.5682772863437 7.1148574962734
0.895 69.9384500188799 8.69562527172992
0.9 60.2943611570701 8.1714921411481
0.905 27.5328821377866 6.14130404450106
0.91 28.953049101042 6.79845361431058
0.915 28.3907103361611 7.36078869455429
0.92 25.9053812492064 6.4263962814147
0.925 61.0010633036858 10.7664122965282
0.93 13.6286653012045 4.15895989930889
0.935 28.826127068882 5.46340900066292
0.94 24.4666865946655 5.46598139577383
0.945 14.261221962855 4.26284540641941
0.95 43.056665610465 6.37479148210299
0.955 55.603126562548 7.47131968647853
0.96 23.1708226554705 5.83886373385843
0.965 39.9263761997249 7.05703701751128
0.97 35.2710447653999 6.48732764972931
0.975 12.1088753468386 4.62854178738199
0.98 20.8740042061607 4.86300101582809
0.985 32.5944978692862 5.91432138257357
0.99 47.7806802756637 7.04850487856546
0.995 28.2367095750566 5.86633960297922
1 19.2949991567415 6.4272822639867
1.005 21.5782361241607 5.85839359319828
1.01 9.0966722125175 3.53415581533757
1.015 29.9629915867656 5.7374822073919
1.02 40.8863085054586 6.58806912283034
1.025 35.5725845412273 6.35327145258305
1.03 32.9479410614207 6.02021460851982
1.035 20.1912643979477 4.13205117351008
1.04 11.2734395331445 3.15963144449061
1.045 22.5518964543516 5.45353145076968
1.05 9.69946978190788 3.77225378383257
1.055 29.1180157351222 5.40281820668322
1.06 48.5612590611734 7.95368237623256
1.065 42.9273409805647 8.96117137431006
1.07 45.2654511839559 7.58796851561976
1.075 73.8828403181538 8.58474530915334
1.08 60.4866267412951 7.85946783546658
1.085 13.2256360293105 3.44761739709992
1.09 26.0532380573079 6.46345266903157
1.095 33.7650255992375 6.9514816093255
1.1 16.1911449967097 5.25580022355296
1.105 3.5830248666496 4.99501778213238
1.11 6.06146969847945 4.65571140614532
1.115 0.338338180713274 1.83614904474328
1.12 9.96764270084133 4.58430386384859
1.125 11.1696544542525 4.77366111517545
1.13 10.2309682451882 4.28888477248068
1.135 42.0134962399289 6.15951399598794
1.14 46.9472806352625 6.14813861328216
1.145 14.340360989152 3.62850851116424
1.15 34.8401389025249 6.59340153240481
1.155 17.4205581553198 5.16082132907025
1.16 10.7102202344677 4.81173916286195
1.165 14.686171545536 4.4455392902542
1.17 56.6513541735134 10.6676734480096
1.175 31.2311445645445 8.03658439473758
1.18 39.643501491531 9.07814477759829
1.185 42.2870866916284 8.88099803268457
1.19 34.6359693027834 7.90709430401781
1.195 13.1536155917922 5.46800437447015
1.2 20.0595786178 5.16340715566984
1.205 36.9614316648416 6.63696705309919
1.21 46.9973833610363 8.6579881517711
1.215 52.3638714872177 9.57089036142633
1.22 46.9850379581577 9.98081671372106
1.225 23.9211922862609 6.58329123835732
1.23 12.5058335266706 5.19377856950106
1.235 30.1561174560738 7.05600016209904
1.24 15.0788385814377 4.24175583286899
1.245 2.16493917491325 4.80115448225706
1.25 29.4289795825582 6.82769010624466
1.255 57.0710870682888 8.10003494331317
1.26 47.3318665748091 7.8814836668384
1.265 26.7243370239595 6.12884815031065
1.27 24.4004699536535 5.4043265328356
1.275 18.144643426444 5.15355026029506
1.28 9.0122052645324 3.4312061840538
1.285 18.3951230419187 4.22608379771053
1.29 39.4773183281444 7.24607105758625
1.295 34.7088859498382 6.34244828693529
1.3 18.9067641244458 5.15226255264193
1.305 11.0834513755039 4.89058720199545
1.31 73.6988285415611 10.0167992529049
1.315 60.5537191166395 8.41607514899131
1.32 3.44513651732726 4.10346211921692
1.325 1.85479623016807 4.70918848328617
1.33 1.74641534782061 5.59597178940951
1.335 16.8492054671083 5.94546821565089
1.34 6.97700097289913 3.95313098054423
1.345 1.41768144120813 4.61296930250136
1.35 2.60931407307564 6.66062228314183
1.355 30.778267270237 8.50801403191602
1.36 65.2479565879117 9.63578467408094
1.365 45.915386630354 8.05097744671921
1.37 17.0516060057661 6.52950056168387
1.375 9.82343657104452 5.72839524244585
1.38 18.5117205749898 6.91417799864313
1.385 32.2626968839014 7.77618422031834
1.39 14.2154995795223 4.89307984326241
1.395 9.86975429002731 4.93257726078357
1.4 8.3403723092667 4.21486011119295
1.405 14.8801088838968 5.58722593902836
1.41 37.5985690653719 8.73298562737129
1.415 60.4314055723946 11.8296223120852
1.42 62.654934085264 12.0232388574724
1.425 37.7760090574681 10.0050858055777
1.43 38.4866836837271 8.18207059860839
1.435 49.9994590904707 7.79036475001176
1.44 9.70663478716001 4.02931894256588
1.445 0.522716469509733 2.99437402879811
1.45 0.20896292448237 4.71056746429968
1.455 0.501797877928356 5.37453141851442
1.46 10.1668993752685 6.491559734284
1.465 9.49843086701326 4.3358317535431
1.47 21.5784688752534 4.32797451823688
1.475 23.5596468508545 4.919699909059
1.48 10.776063054656 3.31340913189525
1.485 10.8894937620489 3.77171091606222
1.49 13.7365409659806 4.87528617359607
1.495 10.4603815831559 4.7380970280138
1.5 18.9520880238181 6.2448818964934
