-0.1 25.3381186538582 5.90536279961291
-0.095 28.0611468779119 5.87924089213195
-0.09 61.9081131783243 8.40854890456109
-0.085 85.3274849643149 9.62555183964957
-0.08 66.8231649234208 8.33298077435596
-0.075 38.4898999721934 6.37622366331756
-0.07 38.0507314756662 6.28445178118122
-0.065 51.7296525484225 7.4294669198215
-0.06 69.7974290342755 8.62243606022201
-0.055 84.6543475010269 10.7107025427977
-0.05 76.6563911357304 10.4029846410339
-0.045 91.2497588510147 9.95658780939282
-0.04 152.555576766414 12.6047290961756
-0.035 194.969134400451 14.3933827418191
-0.03 264.194823840361 16.7708264382077
-0.025 362.315860002282 19.7153579451263
-0.02 453.414522580286 21.939613715563
-0.015 509.605345017597 23.1892729599338
-0.01 513.5135025321 23.2958338641994
-0.005 543.247978616681 28.1824628790262
0 608.568717777583 28.9072762940381
0.00499999999999999 561.018464272193 24.3702754080669
0.01 491.713794396543 22.8310877906418
0.015 397.829285471437 20.5703913231871
0.02 340.378507846684 19.1311885804537
0.025 255.900627145287 16.3212669241615
0.03 155.610022991729 12.8351725443352
0.035 138.614601350317 12.2127229340284
0.04 118.77109523975 11.320363545049
0.045 57.1120237332102 7.79097743955353
0.05 35.9023094200504 7.46612125116706
0.055 34.0655270534966 7.68129020343851
0.06 16.7548902948794 4.68987783965522
0.065 12.5727150413226 4.14422906217171
0.07 7.62828104151079 3.83206923280452
0.075 12.0656336678495 4.07079633993027
0.08 18.2857485474028 4.65060229477464
0.085 26.0460360948926 5.4472653826812
0.09 40.4547631981868 6.5087557545654
0.095 51.2113832685143 8.59923658439403
0.1 43.030767625765 9.56766592018765
0.105 82.8604332390987 10.2240399951898
0.11 40.1247397690754 5.6192929094631
0.115 24.439802967098 5.24795988564398
0.12 17.4849501800333 4.28803228429458
0.125 5.66710674991003 2.82965958064325
0.13 7.33866141484788 3.45560768268247
0.135 15.535291317761 4.97203166204092
0.14 9.50733167971201 4.20103251530496
0.145 37.7913076218047 7.00890676525096
0.15 52.109616894877 8.28722742585948
0.155 29.7817731011572 6.63440361881678
0.16 48.9729877708219 7.25557780898183
0.165 85.6199398755547 9.49434758510725
0.17 144.756275652033 12.3851861719197
0.175 175.991128631314 13.8000249046821
0.18 140.47728611446 12.189335712031
0.185 120.845561519242 11.3252734033116
0.19 170.619287663323 13.5361916898495
0.195 165.508830644646 13.4443370409174
0.2 131.575597880825 14.4531074480319
0.205 137.230848835512 14.0336519664668
0.21 119.070286990063 11.3802952226332
0.215 83.9650293904036 9.47412152695218
0.22 36.6816875141962 6.63835494035101
0.225 32.4927456608871 6.21406499463614
0.23 15.6855859628184 3.45988655158633
0.235 4.04766339007492 2.70063443864015
0.24 15.8017612862177 4.72235344773787
0.245 39.0352984295359 7.57220701254324
0.25 28.7294016993918 7.8279063316426
0.255 35.3287774985754 8.67293489362769
0.26 41.928153297759 9.51796345561279
0.265 25.7173205673013 7.18523664127646
0.27 15.9286548745137 5.86850178572665
0.275 34.7458681013171 8.38733653274946
0.28 44.8153648779701 9.75870476336013
0.285 18.1494323040842 5.65289797851159
0.29 3.28385012707133 1.65211999590396
0.295 8.67627832783085 3.09731829620283
0.3 11.0175240112606 3.98835991636104
0.305 8.94546862463345 4.07785647798755
0.31 27.9266486291182 5.68724663352925
0.315 37.494853709606 6.40064830942027
0.32 12.5432161360183 3.59004374776159
0.325 4.98587513115515 2.75571963082915
0.33 17.5587368988111 4.67376455656577
0.335 35.9312887902492 6.68949915049201
0.34 38.688931259347 6.54408364196904
0.345 19.1153480532271 4.58533817944933
0.35 29.2443092997008 6.96231134123688
0.355 100.736137713931 11.5866021513927
0.36 83.2230178205425 9.4897169412997
0.365 40.5245512821162 6.70275881533038
0.37 38.7573418296009 6.68371236963531
0.375 62.7664252033617 8.370765439162
0.38 48.0399235708951 8.0237300479239
0.385 8.14679225211317 5.29151286016951
0.39 9.84595987751024 3.97364076672596
0.395 14.2192824969832 4.39777619560187
0.4 16.6079552608687 5.55937467229795
0.405 29.5715950052787 6.24073907979537
0.41 16.4737288081292 4.48086547176559
0.415 6.0978486543144 3.24008928565042
0.42 14.7130285098772 4.55913235358883
0.425 20.9608921113831 6.26538884301656
0.43 35.1252106474616 8.7357915703333
0.435 26.0238167221023 6.51567654760739
0.44 29.8066050936659 6.23310520693844
0.445 40.9839187848984 7.64192306874073
0.45 32.4746669650096 6.66571540022672
0.455 21.4719375144345 5.25530559391302
0.46 10.4692080638595 3.84489578759931
0.465 14.3201295602531 4.19121662322206
0.47 40.3238548152705 9.05774398194002
0.475 26.2261831009618 6.26546724593137
0.48 13.4811284940011 4.64028945310958
0.485 7.76254292248988 5.19568360358144
0.49 7.99124260662885 6.13291114985203
0.495 31.4124674207853 8.17266556503775
0.5 24.948804729267 6.14298622952
0.505 30.1215712491632 8.18415301520031
0.51 2.42053882541489 2.01905774302801
0.515 9.70979148237141 3.12881826140202
0.52 29.5219099446377 5.82447567855796
0.525 18.9842098084394 4.27651014925675
0.53 5.36869761256173 2.54577115252616
0.535 6.57485131902418 2.93037190870652
0.54 21.969904322117 5.0110951567077
0.545 27.3821920720247 5.80339829523775
0.55 22.9829999517667 5.09045062969048
0.555 48.4293715393371 8.71752544170424
0.56 56.39668342012 9.05133523393891
0.565 58.4383874147529 8.22551137374806
0.57 41.5152722803917 6.87653655698104
0.575 21.2984231520889 5.37742684553659
0.58 24.3507362481491 7.13600964053268
0.585 43.8458845815149 9.91731888590627
0.59 37.7711277414785 8.77995741319605
0.595 5.50787590543903 3.98657750326595
0.6 5.10172812216844 2.97871254500924
0.605 6.64128466911526 2.29822871896182
0.61 20.2354811918515 4.30840068416486
0.615 33.8296777145877 6.3185726493679
0.62 20.4262979842598 5.84601813239759
0.625 7.00491330742618 4.0913880099276
0.63 43.5526275925234 9.18373733012639
0.635 45.0534879275021 9.91080487175238
0.64 29.5245781910307 7.93561532781717
0.645 16.931398916282 6.10564187481131
0.65 11.0008787290165 4.74882491004363
0.655 8.01440240269062 3.63177549961766
0.66 5.02792607636472 2.51472608919169
0.665 6.23668360322938 3.34146225834761
0.67 4.27409627584218 2.59177261662794
0.675 5.83408060772297 2.42440897350581
0.68 3.68711025509331 2.24179135113885
0.685 13.7516227613389 3.9401379924416
0.69 20.8679517489518 5.11124814136892
0.695 32.9429530214233 6.12461931975533
0.7 29.7369292326265 5.94630847657906
0.705 5.61814670675635 3.43764851737753
0.71 5.30220953131722 3.02740506179768
0.715 10.6978405589126 3.75331155801738
0.72 13.4848465580184 4.23847146225709
0.725 14.0404993797947 4.30260938332478
0.73 9.22519963775624 3.2717857170147
0.735 15.6650277266002 3.93916633867316
0.74 23.1179274924498 6.32529278007934
0.745 15.1557051350956 5.4420962069282
0.75 13.3720449877733 4.61680079431784
0.755 15.7016332517706 4.82963751324096
0.76 11.7961152408449 4.0140535815104
0.765 7.89059722991932 3.19846964977983
0.77 3.98507921899369 2.38288571804927
0.775 1.68219766449984 1.98560188977292
0.78 3.32667070351725 2.50864185665166
0.785 5.18583597466249 3.06519509264038
0.79 7.04500124580773 3.62174832862909
0.795 8.90416651695297 4.17830156461781
0.8 10.7633317880982 4.73485480060651
0.805 12.6224970592434 5.29140803659523
0.81 14.4816623303887 5.84796127258394
0.815 28.8523809027035 6.19509727626492
0.82 12.8972093109525 4.95234755975426
0.825 14.428108081566 4.57556979250879
0.83 22.2713415588511 5.18012549021407
0.835 25.5390877149683 6.36283417684226
0.84 18.571149363684 6.7492323990676
0.845 1.36145022125694 4.2256602437604
0.85 7.95446806203385 5.04388959955585
0.855 14.5063304506714 5.87756800978509
0.86 8.8112825805449 3.68839420566198
0.865 20.7924032226328 5.03944395583431
0.87 16.866620037965 4.63581908718683
0.875 17.6857597734109 4.9894650802806
0.88 28.7202369137667 6.16267566732422
0.885 36.9982848684079 6.95425096226096
0.89 24.4022905622479 5.64273400975732
0.895 29.8297257412181 5.84893313911038
0.9 45.6460965893074 8.62813538104298
0.905 30.8579178597824 8.21880449065214
0.91 22.7777127741959 6.45051607800375
0.915 14.6975076886093 4.68222766535537
0.92 6.87402411834081 3.77920011562768
0.925 25.5731418994988 5.81614209562496
0.93 26.112905265591 5.66891401994968
0.935 5.36698995882556 2.84830139079563
0.94 1.78851813884655 2.01939000516193
0.945 1.45161022172119 1.75038801074047
0.95 1.11470230459583 1.481386016319
0.955 0.777794387470467 1.21238402189753
0.96 0.440886470345106 0.943382027476069
0.965 10.8515882841426 3.31666522307852
0.97 36.6022174450988 6.78059277860429
0.975 34.3397475691115 6.98391718015016
0.98 9.68700919872494 3.62825601145273
0.985 5.30174937652039 4.31333122415412
0.99 13.9373678568145 5.30433025162442
0.995 19.2504109181656 5.40873779364676
1 13.3773244155325 4.88071940912655
1.005 8.12136041811857 4.44621419889882
1.01 17.2114546800127 6.31644924165936
1.015 10.822688678448 4.04647408516022
1.02 4.07860064939508 2.76710162131095
1.025 9.51806286079289 3.80170511553225
1.03 41.6737323391246 9.41708721454382
1.035 19.0834756130477 5.08562095710288
1.04 8.0567303066457 3.19190283142314
1.045 10.5947627838696 3.78242282809965
1.05 8.45117763912429 3.85424499049657
1.055 7.51929905070752 4.14223912039253
1.06 6.23858550937425 3.54086666796312
1.065 4.95787196804104 2.93949421553372
1.07 3.67715842670777 2.3381217631043
1.075 2.39644488537455 1.73674931067491
1.08 1.11573134404129 1.13537685824549
1.085 0.353986648267878 1.75248386380518
1.09 9.0655042489809 3.63675263519614
1.095 24.9928822678594 5.97082030996521
1.1 45.9424627081308 9.45474033904136
1.105 62.3351948005449 12.2484111155666
1.11 26.3241708925739 7.10421548775236
1.115 15.6515570868943 6.02528807700383
1.12 12.0384193127353 4.7320348856817
1.125 6.28308872813181 2.93547323371669
1.13 4.27599649116371 2.47044197940776
1.135 4.42945393133105 2.77292797025129
1.14 5.47230602799489 3.30429559094417
1.145 8.19989324031854 4.26922205564407
1.15 12.7651050892646 5.14286663067395
1.155 19.4662318067492 5.14498535552909
1.16 10.3780225467863 4.69763196697393
1.165 6.33552557973322 4.1178965206932
1.17 39.5698533727224 9.76315094132051
1.175 20.5828163754378 6.37373780517469
1.18 10.9955711658524 4.16018251534287
1.185 12.7124269532393 4.25169506625898
1.19 13.2730734621311 5.05438995805749
1.195 26.2218288852665 8.04673488369735
1.2 16.8012405032474 6.20270998799284
1.205 19.0423725842441 6.54276923002548
1.21 34.2393982487049 9.11754039779994
1.215 46.6343896963899 8.51717129222595
1.22 40.048883339827 7.73577284727073
1.225 22.776010773515 6.70324135717936
1.23 7.58641811772147 5.08033225094618
1.235 1.12929489534898 5.11769752635722
1.24 10.5875567179383 6.67473619666226
1.245 17.4481691704251 6.13135612921164
1.25 10.8767460569265 3.95152910216246
1.255 13.5272841181068 5.01141733003407
1.26 16.1778221792873 6.07130555790572
1.265 21.1237954816337 7.23962188108008
1.27 8.09996912608931 4.06768484185922
1.275 0.529675296212319 1.32445984529086
1.28 4.5749097503867 3.20101598339439
1.285 6.25519805036934 3.28480744718093
1.29 10.6224784185963 3.61130307013538
1.295 14.8545335979157 4.44458828329552
1.3 13.5570587373973 4.50843346898191
1.305 12.2595838768789 4.57227865466829
1.31 14.80378965181 4.75951721186076
1.315 19.0011912911352 5.45780674042582
1.32 24.402044444368 6.25547817789167
1.325 23.8903796311545 5.98413189026144
1.33 14.6622305576552 5.76342097076114
1.335 11.1889672370955 4.96070362331299
1.34 9.16302234291796 4.11376216632932
1.345 7.79684454990295 3.37577408009521
1.35 5.17846783939865 2.61757888448695
1.355 1.55369208459646 1.96148057136547
1.36 6.75052915609868 3.60217723417862
1.365 15.149965169036 6.12636748878737
1.37 11.8370695551776 5.01049765291778
1.375 26.0952139675643 5.93013790944468
1.38 21.1437252208763 6.74197060358524
1.385 23.4852497000524 7.02984788187956
1.39 28.9563250881553 7.26237486868942
1.395 34.4274004762585 7.4949018554993
1.4 39.8984758643614 7.72742884230916
1.405 45.3695512524646 7.95995582911904
1.41 47.8989392018718 8.39267781678747
1.415 61.9728062743776 11.186129133423
1.42 41.9049783543086 8.53263648023545
1.425 30.9523302992317 7.007443384756
1.43 26.6966708904013 7.0670456260314
1.435 20.0022728077363 7.02112637369571
1.44 7.61329219494959 4.18679309661217
1.445 11.9184892273782 4.07787204106404
1.45 16.7996811552248 5.02251134228332
1.455 14.691605718621 5.44242328990646
1.46 26.2018656487371 5.98397467430634
1.465 10.0022387704872 4.74392484238762
1.47 1.37996255391836 3.30770960851972
1.475 34.977427507806 9.14417571688924
1.48 18.9213074672102 6.10824796652763
1.485 20.612245077378 5.0874015487232
1.49 23.9836611523541 4.99923274643677
1.495 7.97286399324157 4.01951635268573
1.5 13.9772236639942 4.71270485938517
