-0.1 35.0732291742461 7.49979276203998
-0.095 57.5219670852108 8.13132744236949
-0.09 28.9849435052039 5.21059915804733
-0.085 23.3238839029978 4.99598025710754
-0.08 56.5397678915739 7.66346849053028
-0.075 63.3469868003557 8.14582738991821
-0.07 62.7564764917523 8.04799560132991
-0.065 65.119860094232 8.2828750379974
-0.06 40.7842556640482 6.70011167956511
-0.055 63.8681326533935 9.67651999637027
-0.05 125.920363765798 13.0445315407415
-0.045 141.492498397963 12.2322713417831
-0.04 153.409679159752 12.7529211396762
-0.035 159.314725821697 13.2409458197747
-0.03 258.379954974842 16.43116314771
-0.025 357.782646550507 19.6513954862553
-0.02 432.931619908097 21.5651924466577
-0.015 486.933044759269 22.6643717406717
-0.01 500.760498989316 23.0081890580267
-0.005 575.634171357057 29.1171587506841
0 623.579923973549 29.4927954216091
0.00499999999999999 621.752367366093 25.6685778953812
0.01 585.936429979156 24.8888404277186
0.015 451.740420370217 21.7661713878257
0.02 273.752702554701 17.2140208031586
0.025 170.991877956499 13.9648923037185
0.03 196.016235332853 14.3666956931129
0.035 185.703802610201 14.3870172621791
0.04 100.846493243738 11.6386379929005
0.045 92.9799276266342 10.2328067880104
0.05 100.224395629677 11.9368109014519
0.055 61.5803893505695 9.53028667905289
0.06 23.7209643109515 5.25056882766895
0.065 14.0530938134784 4.89219618935246
0.07 11.439106562339 4.83434279098174
0.075 10.4012972263586 3.83957626634999
0.08 14.3523015689289 4.09360587847013
0.085 22.4733781382621 5.87409719360156
0.09 30.0206799857579 7.95458680423228
0.095 4.69345799078266 3.9599786067055
0.1 1.02202968014687 0.748003515323878
0.105 40.3239076884673 7.55777383298818
0.11 11.6773840429041 4.56023170781623
0.115 4.10826910771152 4.60033834143019
0.12 23.1434170149779 5.57018871497557
0.125 18.3359688356541 4.06539962691967
0.13 2.92136087418211 2.820053347228
0.135 4.20627902912114 4.17314615128108
0.14 9.77295980671327 4.82097721358344
0.145 3.90148547604258 5.17022921593142
0.15 35.8937078177315 6.89214261234006
0.155 83.6853134171393 10.7488426288828
0.16 132.056643445862 12.409635740741
0.165 173.132153646607 13.7929721135082
0.17 260.160220835983 16.8109767073146
0.175 318.021618401582 18.6033751324465
0.18 335.728691558408 19.0483532720345
0.185 348.209233230361 19.4217702440009
0.19 368.209926382628 19.9699177937064
0.195 389.087143445732 20.5318201598873
0.2 321.81640187043 21.1199747253841
0.205 291.387651014335 20.2603130035792
0.21 242.142047142657 16.1677321880269
0.215 140.523558599774 12.6765126138896
0.22 81.0704544958548 10.1145314138411
0.225 61.5268895227171 8.50895027123529
0.23 37.1265331694271 6.82951758103401
0.235 19.8919882596428 5.4302458640082
0.24 7.50462030156386 4.30530255001809
0.245 6.6560682267191 4.67121496290531
0.25 56.4738000100373 9.11638097950737
0.255 35.7228968944473 7.44901051325958
0.26 29.7764994305825 5.7765708672633
0.265 58.9975827671941 8.07517099465208
0.27 57.551726173558 7.13023998670143
0.275 24.7978617692689 3.22961953672624
0.28 3.05608925512212 3.37941236919295
0.285 3.7982116534578 4.20424747781639
0.29 3.10566969529379 1.6991025495816
0.295 9.93065155581766 4.65261368944436
0.3 8.36464853192052 4.25809647373062
0.305 29.4726376757532 6.28722527787997
0.31 27.5724735462204 5.62470303853839
0.315 14.9798533094613 4.60074139509845
0.32 5.83636912729366 3.22481988302407
0.325 1.11327671683445 1.39782874578587
0.33 14.2487724172747 4.54799182469398
0.335 27.1363706372877 6.79542728787729
0.34 23.8232168851747 5.80845298208308
0.345 35.0250498241647 6.35478901431039
0.35 58.0719783596542 9.92438336104128
0.355 94.5001218453659 11.329149086036
0.36 116.367676416842 11.4964369840195
0.365 89.3303958191615 10.5058744548525
0.37 119.338577005332 11.9859392049459
0.375 136.201826216539 12.5707383868763
0.38 91.3556627738434 10.537388934341
0.385 73.6581766186697 9.60988060770204
0.39 66.7002536471857 9.23024400510853
0.395 76.4841882500142 10.0788510390512
0.4 92.7308370877702 11.4447763820405
0.405 54.686059750665 9.04231277314609
0.41 23.7758266349471 6.20208658438485
0.415 8.71383292078309 3.73749550250476
0.42 4.89951561192119 3.1596077572458
0.425 8.34425731634547 3.91710549805977
0.43 10.8835122197104 3.87837858537574
0.435 16.6582940771364 5.4313264391452
0.44 41.0126188411601 7.57880194135871
0.445 58.429821778675 8.63557519315234
0.45 26.6326728617672 6.18747809480607
0.455 37.4066447402349 8.59755409594786
0.46 17.4615362412507 6.20503267865808
0.465 1.1848298796355 4.49652443915668
0.47 11.5405143976918 5.19858051338076
0.475 12.5094988292723 4.37358562921166
0.48 1.5125707778678 1.68992227643603
0.485 0.0874969370961626 0.711400365294549
0.49 12.9764326694561 3.31308309853085
0.495 51.2622466573434 7.68238049562151
0.5 41.2760950162975 7.16816785006454
0.505 32.7165480689787 7.05284698951579
0.51 23.7709213827226 7.28107337349817
0.515 43.0710255159152 9.89651742011725
0.52 41.301567347309 8.57983858396846
0.525 39.9851963306797 7.26532160463037
0.53 20.9975648325985 5.70621319638298
0.535 8.11554569390896 5.05681340823265
0.54 7.29626289027716 5.16759472811371
0.545 13.7616618882291 5.63828276169777
0.55 32.8047288114454 6.14732807756738
0.555 15.6393509997823 4.82842430590865
0.56 39.6612209529927 7.19457464523226
0.565 46.5022540718414 7.41471033131372
0.57 7.6761957034338 1.97089825574377
0.575 19.9086336957628 4.19384337057676
0.58 21.1116173895568 5.00812186016132
0.585 10.4215236612131 5.05869094554167
0.59 3.19732495317688 6.30239417747804
0.595 15.0815852649725 6.77270908224007
0.6 22.0165439053719 5.50801016211746
0.605 8.8806455473415 4.58713949214988
0.61 22.4747534627844 7.15984549848413
0.615 19.5454471780035 6.70772932795764
0.62 19.7750844283755 6.77938171169539
0.625 9.26432140872311 5.1271264816349
0.63 1.41981183469714 3.6735355046549
0.635 12.038555152062 5.19472027381
0.64 11.1860922269092 3.93427905112928
0.645 0.544308717202741 0.583535359149916
0.65 2.9595080182706 2.24316857967808
0.655 1.65160452507829 3.00784105271499
0.66 0.343701031885985 3.77251352575189
0.665 7.82516441071842 3.81410681988503
0.67 12.3467699326264 5.45020995066205
0.675 3.99540771133646 4.55508527528437
0.68 12.2952500605565 4.90461832965894
0.685 25.4241479119474 5.74059281310747
0.69 19.7167470592161 4.90310474094891
0.695 10.1365996244348 4.66420835833203
0.7 15.4059010332756 5.98358083632651
0.705 21.4415185418508 7.09088587582494
0.71 27.3168242939339 7.85113872584541
0.715 16.4003211134173 6.79231001131033
0.72 33.1696003381217 7.68890414601
0.725 27.2029087535478 6.88201415368066
0.73 4.23055637055167 6.04952849783801
0.735 8.96209786085379 4.92699042657787
0.74 3.8320364140511 1.4907157378298
0.745 31.005681825487 7.51452393833519
0.75 39.4609018224397 9.58238109148913
0.755 30.0421736173523 8.30563453025933
0.76 20.6234454122649 7.02888796902953
0.765 11.2047172071775 5.75214140779973
0.77 1.78598900209013 4.47539484656993
0.775 4.19210432153502 3.55940966501074
0.78 41.2290062958792 8.06985790813526
0.785 85.0183267377538 13.6813519929728
0.79 76.5714662535775 13.0629081995649
0.795 48.4101242628733 10.0932206339263
0.8 19.5886419574315 6.65674274655097
0.805 12.4674414364764 5.17820697753314
0.81 40.8096923396882 7.52856092124298
0.815 21.7623935273719 4.66113181761505
0.82 6.27856238811609 3.35439246176818
0.825 5.98182459360127 4.39221425338681
0.83 6.10695061562761 6.1066549981301
0.835 15.484534163317 5.68774485034099
0.84 22.5348308777591 6.59103942602902
0.845 35.0858999221443 9.00633300257397
0.85 47.1596908708882 10.5281979143292
0.855 13.4751235357976 5.6804837190416
0.86 3.93317462863904 3.4962695398719
0.865 15.4213056280505 5.70117484463239
0.87 28.1226477724819 8.15928549613358
0.875 4.82222399344171 3.92591084805533
0.88 7.44778235797283 4.03091471466966
0.885 15.9667617087554 5.13754367279166
0.89 29.7605128585291 7.9667843238577
0.895 41.4199410741421 9.92034719630793
0.9 50.5372228591741 10.9619297830362
0.905 54.2053491670167 11.2641290905995
0.91 10.9290031466341 5.11803633410677
0.915 68.5901395429217 9.18775096828719
0.92 77.8472053766788 13.2418740492055
0.925 54.4309733177449 9.26883048862803
0.93 32.7413566444533 7.01367469745452
0.935 29.5941953022118 7.22933962217847
0.94 49.8761693717608 8.06305581089801
0.945 34.3122329323959 6.76309938819857
0.95 19.3643214947008 5.93855355891972
0.955 10.8270811026203 5.1187985035696
0.96 10.3053985626711 4.99408722564471
0.965 9.78371602272186 4.86937594771981
0.97 44.882634181034 7.62331590201984
0.975 37.2231777297067 7.80190151248528
0.98 17.1865734786043 5.82322395761531
0.985 15.0457292156894 4.44021840676263
0.99 19.1875036504638 5.57309547880791
0.995 14.1545424345844 6.03854059363049
1 4.4006733148933 4.74796503698157
1.005 31.2994076983356 7.66964620398455
1.01 49.1899789792111 10.0143218194399
1.015 38.5667469234636 9.67010169189621
1.02 20.3649732099529 6.1807663495188
1.025 2.72244403827527 2.70400503088501
1.03 4.33274892281935 3.37721522242472
1.035 5.73815832409045 3.21269804808894
1.04 0.065228940498678 0.295761301441494
1.045 0.150222847628213 0.604636826065655
1.05 3.73360508780174 1.91775450304683
1.055 15.0943249113412 6.06227666499466
1.06 15.0887317179907 6.06168495900611
1.065 15.0831385246401 6.06109325301756
1.07 4.87288091333933 3.35422567522624
1.075 17.0454405232894 4.93725645407413
1.08 31.2455283279334 6.91095717197803
1.085 26.9329570181984 7.01811833018135
1.09 14.2753041698623 5.77443570156932
1.095 5.56616816013573 3.67143085273352
1.1 7.41996391418902 4.23887383564046
1.105 5.36797712076444 3.54360546750088
1.11 4.15132675000951 3.06763077722707
1.115 22.8576549211382 7.34994035530708
1.12 32.561166172493 8.80065455097238
1.125 25.4037350585217 6.75166700518601
1.13 13.4714776841047 4.30255321402154
1.135 12.1822352227563 4.36595502911749
1.14 10.8929927614078 4.42935684421344
1.145 9.60375030005935 4.49275865930939
1.15 7.21688454951106 4.13439624404078
1.155 2.32371556558645 3.21708041963142
1.16 1.18355732282443 3.74731825664182
1.165 6.72039413972242 3.40531387143907
1.17 24.5815800876907 4.85273173892144
1.175 6.00564125292276 3.05858616200077
1.18 9.07877933538463 4.53820439212205
1.185 22.767747770265 6.64791704097827
1.19 44.6156162175899 7.87448462064908
1.195 41.1999063247006 7.81048808843736
1.2 20.8109684844082 6.88488000295717
1.205 20.5277668501537 7.04856795053865
1.21 26.833204664426 7.98190992192861
1.215 33.1386424786984 8.91525189331858
1.22 32.7299789094253 8.91119005686285
1.225 57.3161477485447 9.14267430894315
1.23 37.56093231406 6.9813191671383
1.235 50.3978786640496 7.62712812305881
1.24 57.9090703415236 8.69066493394662
1.245 0.423380630101765 5.41134074932286
1.25 3.76271703535456 4.99231540735615
1.255 12.6552105405492 3.86548762161626
1.26 2.16322329187892 2.28270200857876
1.265 2.85662675468982 2.65870850400995
1.27 3.55003021750076 3.03471499944116
1.275 4.24343368031167 3.41072149487236
1.28 33.4753065944582 8.50671306345039
1.285 29.2364392860971 8.14075768293032
1.29 16.4225214925294 6.0417228411137
1.295 20.9420731033431 6.40493547749845
1.3 28.3575975694828 8.01173730691352
1.305 24.5318147249376 6.72694532248576
1.31 24.4114277912334 7.02704685260012
1.315 26.4793458231269 6.36327339180648
1.32 20.9697102527568 5.22541200655226
1.325 15.460074682387 4.08755062129809
1.33 9.95043911201702 2.94968923604386
1.335 4.44080354164724 1.81182785078969
1.34 13.0202023562894 2.91412081794133
1.345 48.445683443018 9.62846145855443
1.35 45.5297212832551 10.1116371477831
1.355 31.3873674925048 8.06065000395184
1.36 17.2450137017545 6.00966286012058
1.365 10.7117356804834 5.06946653446292
1.37 9.6160793639544 4.72538053590343
1.375 7.15967347481838 3.96848872350337
1.38 4.70326758568236 3.21159691110331
1.385 18.543615915917 4.45877423512488
1.39 27.5618098346418 7.03993828541726
1.395 24.5571687238924 7.63803588293264
1.4 32.442198113197 8.7855974019553
1.405 29.8653847048032 8.06113585820002
1.41 14.5558084701981 5.43940747519067
1.415 21.823075747776 6.29619687524343
1.42 48.4778926584916 10.1401149291524
1.425 28.0671656574622 7.92995392000799
1.43 15.6265302302346 6.09323311741554
1.435 17.669710780867 6.45910593096779
1.44 20.967358971829 7.05456797247006
1.445 19.7033256683869 6.83745876433128
1.45 19.0543116008598 6.68215301687633
1.455 28.4663741962733 8.09235028480654
1.46 35.2337969192625 9.1577628564105
1.465 10.4997570777102 6.07772418526278
1.47 39.5552742028294 7.71034991507609
1.475 34.1053939525653 5.68116054745859
1.48 13.9206006063265 2.93271076876082
1.485 17.2655427474244 3.80843635508562
1.49 48.2223790161347 8.51245458074088
1.495 30.1379201045964 6.23110776162826
1.5 11.7553212879944 3.86620722318057
